2 0.4206 0.8125 0.0375 0.0472
2 0.3689 0.6942 0.0529 0.0949
1 0.4725 0.9502 0.0898 0.0995
1 0.5444 0.9088 0.0581 0.1204
1 0.587 0.8829 0.0672 0.1167
1 0.496 0.775 0.0727 0.1194
1 0.5609 0.7688 0.0615 0.1069
1 0.4983 0.6674 0.0831 0.1236
1 0.6116 0.6803 0.0747 0.1273
0 0.5954 0.6449 0.1237 0.1435
1 0.6708 0.6549 0.0646 0.1032
1 0.7128 0.5951 0.0813 0.1171
1 0.782 0.5801 0.0547 0.0963
1 0.8109 0.5296 0.049 0.0963
1 0.5432 0.5343 0.0672 0.1102
1 0.6622 0.3262 0.0573 0.0903
1 0.7712 0.294 0.056 0.1093
1 0.1884 0.2016 0.0451 0.0801
1 0.219 0.1391 0.0469 0.0931
1 0.2661 0.0894 0.0521 0.0963
1 0.3022 0.022 0.0445 0.0431
0 0.3086 0.2544 0.0484 0.131
3 0.9521 0.8021 0.0953 0.1384
