2 0.7503 0.109 0.0333 0.0579
2 0.2344 0.3583 0.0391 0.0556
2 0.1952 0.3942 0.0388 0.0505
2 0.4768 0.2808 0.049 0.0644
2 0.5863 0.1688 0.0367 0.0366
2 0.6245 0.1581 0.0391 0.0329
2 0.9777 0.3012 0.0445 0.0579
2 0.8363 0.4245 0.1133 0.1361
2 0.0837 0.3729 0.0503 0.0579
2 0.1393 0.7063 0.099 0.1171
2 0.7583 0.1586 0.0464 0.0431
2 0.5792 0.3597 0.0594 0.0667
2 0.4557 0.4192 0.0385 0.0847
2 0.4099 0.459 0.0521 0.0708
0 0.3854 0.6495 0.1167 0.1148
2 0.4615 0.7924 0.0708 0.1106
2 0.3979 0.7262 0.0943 0.1282
2 0.8303 0.5639 0.0893 0.1
2 0.6191 0.6169 0.0826 0.069
2 0.5363 0.8375 0.0982 0.1546
2 0.5917 0.8975 0.0568 0.1051
2 0.6534 0.9389 0.0818 0.1222
2 0.7353 0.8537 0.0815 0.1435
2 0.7673 0.7646 0.0914 0.1375
2 0.8547 0.8245 0.0651 0.1056
2 0.9452 0.9333 0.1096 0.1333
2 0.9299 0.4704 0.0911 0.1204
2 0.7482 0.3132 0.051 0.0384
2 0.7643 0.294 0.0396 0.0278
2 0.7637 0.2625 0.0628 0.0472
