2 0.9634 0.8951 0.0461 0.0792
2 0.928 0.8549 0.0487 0.0644
2 0.1371 0.4535 0.068 0.0616
2 0.0276 0.7759 0.0547 0.0898
2 0.3333 0.4583 0.0505 0.0657
2 0.3906 0.4505 0.0479 0.0676
2 0.365 0.4019 0.044 0.0685
2 0.2964 0.3282 0.0385 0.0611
2 0.6247 0.7088 0.0984 0.1722
2 0.6789 0.7456 0.0745 0.1042
2 0.674 0.8493 0.0714 0.0838
2 0.884 0.7551 0.081 0.1111
2 0.4016 0.9227 0.0651 0.1352
2 0.9523 0.6211 0.0641 0.0903
2 0.9654 0.5396 0.0693 0.1236
0 0.8288 0.6627 0.0971 0.0681
2 0.4857 0.3458 0.0417 0.0481
2 0.4306 0.3412 0.0445 0.0528
2 0.4082 0.3192 0.0461 0.0477
2 0.4255 0.1722 0.0427 0.0444
2 0.3879 0.203 0.0326 0.0468
2 0.1469 0.1488 0.0375 0.0384
2 0.2655 0.5039 0.0518 0.0458
2 0.253 0.475 0.0461 0.0509
2 0.6831 0.2639 0.0563 0.0648
2 0.8645 0.3505 0.0393 0.0528
2 0.8551 0.409 0.0617 0.0894
2 0.877 0.491 0.0659 0.069
2 0.8801 0.5271 0.0622 0.044
2 0.473 0.2303 0.0263 0.0384
2 0.569 0.262 0.0307 0.0667
