2 0.9594 0.5803 0.0552 0.0819
2 0.1368 0.4257 0.0419 0.0486
2 0.1018 0.4769 0.0531 0.0528
2 0.1577 0.353 0.0378 0.0403
2 0.3527 0.4498 0.0388 0.056
2 0.3892 0.4431 0.0341 0.0528
2 0.4202 0.3671 0.0362 0.0481
2 0.4316 0.3176 0.0362 0.0519
2 0.4608 0.2752 0.0268 0.0384
2 0.5078 0.3542 0.0354 0.0565
2 0.4186 0.5356 0.0466 0.0722
2 0.3189 0.6738 0.0393 0.0634
2 0.3505 0.7475 0.0516 0.081
2 0.4329 0.8632 0.044 0.0764
2 0.4809 0.6963 0.0518 0.075
2 0.5148 0.7005 0.0422 0.0602
2 0.5302 0.6333 0.0432 0.0667
2 0.5667 0.5866 0.0406 0.0806
2 0.5294 0.5644 0.0365 0.0685
2 0.5042 0.4718 0.0385 0.0546
2 0.5418 0.4896 0.0503 0.0671
2 0.659 0.6942 0.0508 0.0801
2 0.8023 0.9194 0.0599 0.1065
2 0.8549 0.6699 0.0917 0.1296
2 0.9434 0.4882 0.0523 0.0653
2 0.6789 0.316 0.0354 0.0458
2 0.2768 0.4576 0.0427 0.0301
