2 0.8772 0.3211 0.0456 0.0662
2 0.0999 0.5574 0.0607 0.0648
2 0.1632 0.5178 0.0518 0.0819
2 0.0169 0.6069 0.0297 0.0528
2 0.0277 0.6391 0.0549 0.0708
2 0.4372 0.5317 0.1016 0.119
2 0.441 0.9238 0.1112 0.1523
2 0.8215 0.7359 0.0763 0.0986
2 0.8529 0.6824 0.0703 0.0769
2 0.8641 0.6199 0.0854 0.0954
2 0.8826 0.4037 0.062 0.0759
2 0.9187 0.3632 0.0474 0.0579
2 0.5464 0.953 0.0833 0.094
2 0.6121 0.453 0.0596 0.0634
2 0.6396 0.3553 0.0495 0.0542
2 0.6943 0.3479 0.0521 0.056
2 0.6837 0.2718 0.043 0.0407
2 0.6316 0.2981 0.056 0.0528
2 0.4913 0.6044 0.0513 0.0634
2 0.1232 0.4863 0.0458 0.0634
2 0.5674 0.3146 0.0536 0.0569
