2 0.6629 0.1611 0.0398 0.037
2 0.0202 0.4623 0.0398 0.0606
2 0.1618 0.4241 0.0414 0.0593
2 0.2013 0.3447 0.0401 0.0542
2 0.1245 0.4625 0.037 0.0528
2 0.0474 0.7458 0.0943 0.1241
2 0.31 0.481 0.0487 0.063
2 0.3462 0.4356 0.0336 0.0676
2 0.379 0.3127 0.0482 0.0569
2 0.6557 0.1181 0.0255 0.0491
2 0.8458 0.2514 0.051 0.0509
2 0.8987 0.2625 0.0609 0.0685
2 0.6298 0.2972 0.0393 0.0324
2 0.6569 0.2525 0.057 0.044
2 0.7048 0.3674 0.069 0.0819
2 0.6785 0.5021 0.0799 0.0727
2 0.8751 0.462 0.1169 0.1204
2 0.7799 0.412 0.0672 0.0778
2 0.878 0.7743 0.1091 0.1375
2 0.8207 0.691 0.1055 0.1338
2 0.8542 0.5975 0.1031 0.1403
2 0.7658 0.8213 0.1388 0.1481
2 0.3885 0.7845 0.087 0.1301
2 0.4846 0.8535 0.0823 0.1199
2 0.4435 0.8236 0.074 0.1074
0 0.2794 0.6243 0.0786 0.0514
2 0.4833 0.5819 0.0781 0.0593
2 0.6057 0.6891 0.0844 0.0903
2 0.559 0.7678 0.0852 0.1144
2 0.2723 0.5766 0.0581 0.1005
