2 0.89 0.266 0.0357 0.0542
2 0.4018 0.3782 0.0432 0.063
2 0.8932 0.8542 0.0854 0.1231
2 0.7207 0.3123 0.0404 0.0431
2 0.8003 0.2921 0.0396 0.0463
2 0.7594 0.3067 0.0396 0.0449
2 0.4195 0.9417 0.0656 0.1148
2 0.4826 0.9479 0.0656 0.1042
0 0.5913 0.8977 0.1174 0.0944
2 0.9253 0.4653 0.0656 0.0546
2 0.9276 0.5095 0.0505 0.0495
2 0.9232 0.5405 0.05 0.0495
2 0.8341 0.9164 0.0953 0.0986
2 0.7538 0.5722 0.0643 0.0778
2 0.6417 0.6301 0.0573 0.0843
2 0.5914 0.666 0.0516 0.0894
2 0.3803 0.4806 0.0445 0.0731
2 0.3445 0.525 0.0432 0.0602
2 0.2311 0.4683 0.0461 0.0681
2 0.1167 0.6192 0.0495 0.0634
2 0.1471 0.6806 0.0495 0.0704
2 0.1651 0.4164 0.0437 0.0634
2 0.4628 0.5312 0.0443 0.0718
2 0.7893 0.6977 0.0583 0.0861
2 0.7204 0.7037 0.0701 0.1306
