2 0.4674 0.425 0.0255 0.05
2 0.3749 0.4463 0.0471 0.0472
2 0.4146 0.3528 0.0276 0.037
2 0.3859 0.397 0.0396 0.0431
2 0.372 0.6093 0.0461 0.062
2 0.9393 0.9713 0.0844 0.0574
2 0.8151 0.6734 0.0807 0.1171
2 0.9646 0.853 0.0708 0.1106
2 0.9443 0.4734 0.0516 0.0644
2 0.894 0.4847 0.0432 0.0519
2 0.0792 0.5449 0.0469 0.0463
2 0.3076 0.541 0.0448 0.044
2 0.5 0.5472 0.0474 0.062
2 0.5266 0.6454 0.0417 0.0796
2 0.4904 0.6889 0.0432 0.0583
2 0.4714 0.7664 0.0484 0.0662
2 0.4395 0.7611 0.0503 0.0704
2 0.6214 0.7282 0.0474 0.0759
2 0.7799 0.9373 0.0641 0.1116
2 0.9161 0.5766 0.0536 0.0782
