2 0.5089 0.3935 0.0318 0.0519
2 0.2927 0.3755 0.0354 0.0639
2 0.5648 0.1368 0.0354 0.0653
2 0.5523 0.122 0.0297 0.0644
2 0.3236 0.2049 0.0263 0.0542
2 0.016 0.5553 0.0315 0.0681
2 0.0638 0.4905 0.0411 0.0718
2 0.5727 0.0366 0.0484 0.0546
2 0.6126 0.2002 0.0648 0.0829
2 0.6784 0.212 0.0885 0.1389
2 0.6419 0.4664 0.0542 0.0838
2 0.494 0.4715 0.0917 0.1181
2 0.4883 0.3817 0.0516 0.0671
2 0.3311 0.4299 0.0451 0.0819
2 0.2348 0.5137 0.0378 0.0532
3 0.0237 0.638 0.0437 0.1185
3 0.3736 0.0852 0.0518 0.0546
