2 0.5431 0.4407 0.0508 0.0639
2 0.6878 0.7326 0.0906 0.1255
2 0.525 0.8398 0.0776 0.1343
2 0.5704 0.8998 0.0888 0.1199
2 0.3992 0.7708 0.0682 0.1074
2 0.343 0.7063 0.0766 0.1079
2 0.0556 0.4245 0.043 0.0667
2 0.0993 0.7255 0.1003 0.1361
2 0.5852 0.1669 0.0365 0.0347
2 0.5473 0.1845 0.0362 0.0384
2 0.431 0.2947 0.0448 0.0588
2 0.2329 0.313 0.032 0.0556
2 0.1999 0.3928 0.0372 0.0606
0 0.3296 0.6366 0.106 0.0889
2 0.3615 0.4678 0.0505 0.0662
2 0.526 0.3588 0.0568 0.0528
2 0.694 0.3012 0.051 0.0329
2 0.7118 0.2519 0.056 0.0398
2 0.9238 0.265 0.056 0.0579
2 0.7579 0.5218 0.0872 0.0787
2 0.7728 0.3919 0.0805 0.1171
2 0.8635 0.4359 0.0745 0.0782
2 0.9538 0.5069 0.0924 0.1472
2 0.9465 0.6498 0.107 0.1644
2 0.9262 0.7481 0.1477 0.1574
2 0.9698 0.8456 0.0604 0.1579
2 0.8796 0.8845 0.1596 0.1708
2 0.5523 0.5921 0.0807 0.0639
2 0.468 0.8076 0.0891 0.1431
2 0.4043 0.4292 0.0326 0.0796
2 0.644 0.803 0.0927 0.1384
2 0.7046 0.1072 0.0253 0.0495
