2 0.7177 0.1965 0.0266 0.031
2 0.7092 0.1472 0.0289 0.038
1 0.9066 0.235 0.0445 0.0736
1 0.8844 0.1685 0.0437 0.0806
3 0.4768 0.7613 0.1135 0.2181
3 0.8863 0.8618 0.1008 0.1755
2 0.9328 0.9616 0.0646 0.0769
2 0.8643 0.4194 0.0609 0.0509
3 0.7686 0.388 0.1023 0.0861
3 0.3799 0.5856 0.0568 0.0852
3 0.4296 0.4769 0.0555 0.0731
3 0.4418 0.3745 0.032 0.0352
3 0.3865 0.4588 0.0375 0.0481
0 0.235 0.6076 0.0294 0.0551
2 0.2932 0.637 0.0302 0.0491
2 0.3025 0.5972 0.0206 0.0481
2 0.1659 0.6579 0.0266 0.0296
2 0.1708 0.6829 0.0271 0.0426
2 0.1915 0.5424 0.0232 0.0319
2 0.5542 0.3988 0.0349 0.0505
2 0.8516 0.1812 0.0333 0.0634
2 0.5417 0.2699 0.0161 0.025
2 0.5652 0.2213 0.0253 0.0167
2 0.5092 0.265 0.0164 0.0181
