2 0.6018 0.4968 0.0443 0.0639
2 0.9435 0.4708 0.0755 0.0963
2 0.9509 0.7988 0.0982 0.1079
2 0.8979 0.7042 0.099 0.1204
2 0.732 0.3799 0.049 0.081
2 0.7438 0.4433 0.062 0.0819
2 0.697 0.3729 0.0497 0.0866
2 0.3402 0.6299 0.0633 0.1005
2 0.4017 0.6572 0.0523 0.0884
2 0.4572 0.5769 0.0654 0.0954
2 0.5589 0.5644 0.0573 0.0741
2 0.4944 0.4792 0.0503 0.0583
2 0.4255 0.6759 0.0484 0.0667
0 0.5031 0.8382 0.076 0.1505
2 0.5677 0.819 0.0771 0.1037
2 0.5103 0.641 0.057 0.0866
2 0.8112 0.3081 0.0464 0.0625
2 0.977 0.9306 0.0461 0.1324
