1 0.402 0.0278 0.0503 0.0546
1 0.3587 0.0595 0.0581 0.1125
2 0.6051 0.1116 0.0362 0.05
2 0.5531 0.8398 0.0406 0.0519
2 0.5966 0.6868 0.0323 0.0347
2 0.5061 0.6683 0.0523 0.1079
0 0.4732 0.1562 0.0401 0.1514
0 0.9747 0.3944 0.0505 0.1102
1 0.5953 0.9748 0.0839 0.0505
1 0.6848 0.9655 0.0794 0.069
1 0.7495 0.9678 0.0813 0.0644
1 0.6477 0.834 0.1021 0.1755
1 0.7341 0.8743 0.0901 0.1708
1 0.8013 0.7852 0.0958 0.1519
1 0.8879 0.7766 0.0987 0.1616
1 0.9457 0.7442 0.1086 0.1653
1 0.6671 0.7042 0.0956 0.163
1 0.7339 0.5727 0.0948 0.1454
1 0.9027 0.3787 0.0794 0.1083
