2 0.0215 0.3273 0.0404 0.0769
2 0.497 0.4715 0.0622 0.1005
2 0.0792 0.4255 0.0615 0.0722
2 0.1172 0.3539 0.0443 0.0736
2 0.4587 0.4595 0.1357 0.1505
2 0.5098 0.5493 0.0753 0.0847
2 0.4891 0.6104 0.0688 0.0653
2 0.5764 0.7509 0.1201 0.1556
2 0.4229 0.9354 0.1052 0.1292
2 0.9595 0.8259 0.081 0.1657
2 0.6837 0.3942 0.0716 0.0718
2 0.7552 0.3634 0.0667 0.0704
2 0.7964 0.2866 0.0682 0.0667
2 0.7241 0.2262 0.0648 0.0764
2 0.7238 0.2861 0.0549 0.0611
2 0.6238 0.1796 0.0378 0.0528
2 0.6139 0.1273 0.0383 0.062
2 0.8777 0.2889 0.0643 0.0639
2 0.0536 0.5539 0.0724 0.0995
2 0.437 0.8192 0.0828 0.1162
2 0.7402 0.4743 0.0794 0.0903
0 0.6168 0.3532 0.0951 0.0694
2 0.9018 0.6495 0.0437 0.063
2 0.5009 0.7757 0.0664 0.1144
2 0.9243 0.3933 0.0727 0.1032
2 0.6482 0.2456 0.0453 0.0264
