1 0.9684 0.7803 0.0633 0.1384
0 0.9328 0.3164 0.1344 0.1032
3 0.4437 0.4014 0.1083 0.1167
3 0.3812 0.5458 0.0802 0.188
3 0.05 0.6162 0.0677 0.1778
2 0.6514 0.2097 0.0633 0.0852
2 0.41 0.9655 0.0497 0.069
0 0.4931 0.9361 0.0961 0.0769
1 0.949 0.1201 0.1021 0.1829
1 0.8318 0.234 0.1193 0.2042
1 0.7802 0.3681 0.1156 0.2111
1 0.9697 0.3405 0.0607 0.156
1 0.8902 0.4289 0.0982 0.1949
1 0.8732 0.5528 0.0896 0.1833
1 0.7883 0.5611 0.0865 0.1778
1 0.7835 0.8433 0.0857 0.1477
1 0.7267 0.6958 0.0951 0.1926
1 0.678 0.5389 0.106 0.2157
2 0.6754 0.3565 0.044 0.0481
0 0.9754 0.8692 0.0492 0.1125
0 0.9025 0.9208 0.1086 0.1583
