2 0.4685 0.8748 0.0609 0.0995
2 0.3436 0.3854 0.0466 0.0653
2 0.2973 0.5468 0.0487 0.0472
2 0.443 0.475 0.0573 0.0824
2 0.416 0.4326 0.0435 0.081
2 0.8724 0.8514 0.1328 0.1444
2 0.8555 0.7241 0.0859 0.1426
2 0.7724 0.6803 0.149 0.2032
2 0.3794 0.4972 0.0536 0.075
2 0.1667 0.5368 0.0641 0.0662
2 0.4582 0.963 0.1034 0.0741
2 0.4408 0.2525 0.0357 0.0366
2 0.4736 0.2162 0.0419 0.0417
2 0.5259 0.2465 0.0258 0.0449
2 0.4836 0.3671 0.0552 0.0704
2 0.451 0.3435 0.037 0.0519
2 0.5484 0.3613 0.049 0.0745
2 0.2814 0.5213 0.0503 0.0519
2 0.6392 0.241 0.032 0.0588
