0 0.9582 0.4009 0.0659 0.0778
2 0.2974 0.2106 0.0516 0.0574
2 0.3357 0.3905 0.0453 0.0773
2 0.2911 0.3722 0.0495 0.0676
2 0.0197 0.6199 0.0388 0.0481
2 0.6788 0.6479 0.0711 0.1106
2 0.6182 0.6537 0.0708 0.1148
2 0.757 0.4546 0.0729 0.0741
2 0.7878 0.7613 0.074 0.1116
2 0.7445 0.8565 0.0885 0.1343
2 0.5849 0.9262 0.0708 0.1366
2 0.5174 0.8988 0.0604 0.1153
2 0.6471 0.3498 0.0484 0.0671
2 0.5841 0.3433 0.0479 0.0449
2 0.5477 0.2264 0.0526 0.0528
2 0.9021 0.1192 0.05 0.0681
3 0.8943 0.3271 0.125 0.1718
2 0.3719 0.019 0.0365 0.037
2 0.4376 0.0398 0.0341 0.0426
2 0.6029 0.0854 0.0432 0.0486
2 0.7435 0.2056 0.051 0.0481
