0 0.3977 0.4329 0.0599 0.0593
2 0.6461 0.2627 0.0328 0.0569
2 0.7484 0.2671 0.0323 0.0389
2 0.0273 0.6616 0.0536 0.1
2 0.2996 0.5565 0.0951 0.1046
2 0.3589 0.5785 0.0365 0.0606
2 0.413 0.6613 0.0719 0.0968
2 0.3587 0.8287 0.0477 0.1028
2 0.6777 0.9576 0.1081 0.0847
2 0.7122 0.7236 0.087 0.1444
2 0.8172 0.8257 0.0979 0.1551
2 0.9348 0.9289 0.1305 0.1421
2 0.8848 0.5352 0.0659 0.0852
2 0.9397 0.5565 0.0857 0.1111
2 0.8484 0.5565 0.0516 0.0694
2 0.6171 0.5653 0.0549 0.0528
2 0.6452 0.4771 0.0565 0.0569
2 0.7443 0.54 0.0479 0.0736
2 0.6512 0.3229 0.0435 0.0505
2 0.448 0.4366 0.0482 0.0407
2 0.5082 0.3324 0.043 0.0398
2 0.4556 0.3137 0.0497 0.0421
2 0.4637 0.3556 0.0378 0.0454
