3 0.494 0.8431 0.0401 0.0694
2 0.4065 0.2755 0.0297 0.0352
3 0.578 0.7926 0.0591 0.0806
2 0.7673 0.6845 0.0471 0.0616
0 0.3611 0.3519 0.0367 0.0981
1 0.4508 0.397 0.0521 0.0838
1 0.3854 0.5319 0.0396 0.062
1 0.3749 0.5956 0.0451 0.0634
1 0.3513 0.7123 0.0359 0.0347
1 0.2902 0.5354 0.0388 0.0662
1 0.3193 0.6123 0.0349 0.069
1 0.2603 0.6076 0.0419 0.0616
1 0.098 0.7819 0.0414 0.0685
1 0.0536 0.8502 0.0323 0.0542
0 0.478 0.4833 0.0518 0.0426
0 0.5009 0.2245 0.0201 0.0296
0 0.5475 0.1662 0.0352 0.0417
0 0.4803 0.0796 0.0315 0.0398
2 0.5474 0.0556 0.024 0.0426
