0 0.9665 0.5361 0.0669 0.0657
2 0.5404 0.2843 0.0521 0.0676
2 0.3379 0.2963 0.0466 0.062
2 0.2974 0.4671 0.049 0.0444
2 0.3746 0.4227 0.0523 0.0806
2 0.4102 0.3532 0.0474 0.0824
2 0.4374 0.3965 0.0539 0.0773
2 0.8286 0.7937 0.1099 0.119
2 0.8227 0.6681 0.074 0.1287
2 0.7499 0.6306 0.1289 0.2
2 0.4556 0.9215 0.0982 0.1569
2 0.1645 0.4461 0.0643 0.0671
2 0.0327 0.7884 0.0648 0.1028
2 0.2845 0.4433 0.0482 0.044
2 0.4811 0.2822 0.0503 0.0542
2 0.4448 0.2576 0.0375 0.0394
2 0.4324 0.163 0.0404 0.0407
2 0.4706 0.1255 0.0443 0.038
2 0.5215 0.1648 0.0263 0.0463
2 0.187 0.1674 0.0385 0.0394
2 0.6329 0.1692 0.0331 0.0662
