2 0.4746 0.2363 0.0305 0.0477
2 0.4009 0.14 0.0331 0.0421
2 0.9072 0.1933 0.0414 0.0579
0 0.9439 0.3481 0.1122 0.112
3 0.8547 0.3116 0.1172 0.1528
2 0.7016 0.2278 0.051 0.0352
2 0.4639 0.6062 0.0565 0.0773
2 0.554 0.3914 0.0435 0.0495
2 0.618 0.3856 0.0484 0.0685
2 0.5217 0.953 0.0633 0.094
2 0.5884 0.9558 0.0685 0.0884
2 0.7458 0.8653 0.0958 0.1565
2 0.7823 0.7606 0.0745 0.1194
2 0.6034 0.69 0.0714 0.1125
2 0.6663 0.6713 0.0711 0.1139
2 0.7309 0.4606 0.068 0.0769
2 0.8458 0.106 0.049 0.062
2 0.5599 0.1454 0.0406 0.0491
2 0.6103 0.141 0.0523 0.0736
2 0.5143 0.291 0.0484 0.0542
2 0.2732 0.4947 0.0521 0.0745
2 0.3206 0.4977 0.0516 0.0787
2 0.2734 0.3373 0.0479 0.0634
2 0.3327 0.1319 0.0404 0.0444
