3 0.5555 0.9144 0.0297 0.0519
3 0.6092 0.9058 0.0341 0.0551
3 0.6819 0.8421 0.0529 0.0769
2 0.8457 0.7139 0.0424 0.0583
2 0.3934 0.3488 0.0294 0.0375
2 0.5188 0.1282 0.0245 0.0389
0 0.5138 0.0213 0.0292 0.0417
0 0.4764 0.0653 0.0279 0.0343
0 0.449 0.1498 0.0396 0.0431
0 0.4897 0.2905 0.0232 0.0356
0 0.5328 0.2326 0.0349 0.0458
0 0.3539 0.4292 0.0339 0.1009
0 0.4913 0.5516 0.0523 0.0597
1 0.4855 0.5998 0.0393 0.0801
1 0.4625 0.4683 0.0437 0.0884
1 0.4103 0.7882 0.0518 0.0708
1 0.3944 0.6088 0.0445 0.0731
1 0.3863 0.6692 0.0435 0.0773
1 0.3262 0.6954 0.0393 0.0722
1 0.2935 0.6155 0.0464 0.0699
