2 0.5872 0.5426 0.0432 0.063
2 0.9151 0.5324 0.0802 0.1074
2 0.6802 0.4134 0.0484 0.0667
2 0.719 0.4162 0.0406 0.0676
2 0.7217 0.487 0.0628 0.0769
2 0.4833 0.5255 0.05 0.0648
2 0.4697 0.6317 0.0529 0.0792
2 0.4147 0.7301 0.0445 0.0657
2 0.4965 0.6852 0.0544 0.0981
2 0.543 0.6137 0.0563 0.0801
2 0.924 0.8597 0.1151 0.1056
2 0.8668 0.76 0.0935 0.119
2 0.6215 0.8671 0.0648 0.1009
2 0.5552 0.878 0.0703 0.0986
2 0.3366 0.6794 0.0555 0.1032
2 0.3822 0.8278 0.056 0.0907
2 0.7906 0.3544 0.0464 0.0727
2 0.4266 0.8134 0.0276 0.0546
0 0.4962 0.8729 0.0549 0.0912
2 0.9552 0.9657 0.0896 0.0685
