2 0.7796 0.212 0.0424 0.0426
2 0.8674 0.9262 0.1365 0.1477
2 0.8521 0.7896 0.0865 0.1681
2 0.7634 0.7322 0.1518 0.2569
2 0.3072 0.3106 0.0617 0.0852
2 0.3872 0.3715 0.0516 0.0801
2 0.4138 0.4262 0.0568 0.0894
2 0.3458 0.4361 0.0589 0.0806
2 0.2533 0.494 0.0581 0.0593
2 0.1085 0.4493 0.0789 0.0708
2 0.4638 0.3109 0.0552 0.069
2 0.4272 0.2826 0.0372 0.0551
2 0.4146 0.1731 0.0349 0.0454
2 0.5091 0.1859 0.0344 0.0551
2 0.5276 0.3086 0.0453 0.0662
2 0.4832 0.4111 0.0617 0.0778
2 0.2424 0.4671 0.0547 0.0463
2 0.2309 0.4419 0.0424 0.0394
