1 0.3612 0.5354 0.0219 0.0505
1 0.3452 0.5227 0.0195 0.0435
3 0.4026 0.4741 0.0323 0.0565
0 0.8027 0.2111 0.0315 0.0528
2 0.6458 0.2495 0.0255 0.0361
0 0.5967 0.3021 0.0419 0.0736
2 0.8108 0.8287 0.0414 0.0602
0 0.6676 0.4819 0.0529 0.05
3 0.635 0.7951 0.0471 0.0838
1 0.3848 0.6181 0.0253 0.0528
1 0.3819 0.6718 0.018 0.0389
1 0.3848 0.7058 0.0237 0.0468
1 0.3652 0.7442 0.0258 0.0458
1 0.3306 0.6965 0.0253 0.0468
1 0.348 0.6655 0.0237 0.0495
1 0.3583 0.6197 0.0214 0.0468
1 0.3016 0.5238 0.0198 0.0366
1 0.3171 0.5532 0.0174 0.0444
1 0.3029 0.5963 0.025 0.0389
1 0.3125 0.6417 0.024 0.0583
1 0.3289 0.5891 0.0245 0.0505
1 0.4145 0.59 0.0341 0.0606
1 0.4234 0.6465 0.0214 0.0458
1 0.4181 0.7 0.0232 0.0519
1 0.4474 0.7 0.0318 0.063
1 0.474 0.5863 0.0318 0.0579
1 0.4771 0.4748 0.0318 0.0736
1 0.4941 0.5229 0.0232 0.0412
1 0.5184 0.5062 0.0331 0.0699
1 0.5094 0.4262 0.0354 0.081
1 0.5638 0.516 0.0349 0.0708
1 0.5852 0.4706 0.0297 0.0634
1 0.662 0.3986 0.0464 0.0769
3 0.3939 0.891 0.0513 0.0986
3 0.4505 0.8032 0.0625 0.1731
2 0.3789 0.7713 0.0161 0.0287
0 0.7438 0.2493 0.0208 0.0356
0 0.7673 0.0796 0.043 0.0352
3 0.5754 0.7741 0.018 0.0528
1 0.5176 0.6028 0.0336 0.0296
