0 0.8363 0.4225 0.0497 0.0356
3 0.754 0.2958 0.0258 0.0435
3 0.9253 0.2725 0.0479 0.031
3 0.6042 0.4058 0.038 0.0412
3 0.2947 0.5387 0.0331 0.0431
3 0.354 0.5481 0.0336 0.0481
3 0.4448 0.4194 0.038 0.0435
2 0.7426 0.6074 0.0284 0.0463
2 0.7025 0.934 0.0414 0.0514
2 0.726 0.9843 0.037 0.0315
2 0.8569 0.7993 0.0549 0.0736
2 0.8099 0.7181 0.0443 0.0481
2 0.9246 0.7935 0.0326 0.0509
2 0.9374 0.9706 0.0607 0.0588
2 0.8668 0.881 0.0487 0.0676
2 0.7918 0.9782 0.0445 0.0435
2 0.6835 0.8208 0.0383 0.0528
1 0.5975 0.6782 0.0346 0.0491
0 0.5672 0.8449 0.0495 0.1287
3 0.4677 0.5241 0.0484 0.0648
3 0.3598 0.7352 0.0721 0.1009
