3 0.3154 0.3106 0.0349 0.0574
2 0.1335 0.4449 0.0232 0.0324
1 0.9848 0.2023 0.0305 0.0787
1 0.9793 0.1208 0.0362 0.0769
2 0.9424 0.1535 0.0411 0.0782
2 0.7671 0.0981 0.0331 0.0444
2 0.598 0.378 0.0378 0.044
2 0.1974 0.4931 0.0245 0.0296
2 0.2368 0.5171 0.0284 0.0324
2 0.1887 0.5664 0.0279 0.0319
2 0.1694 0.622 0.0315 0.031
2 0.319 0.5745 0.0266 0.0481
2 0.3105 0.6174 0.0315 0.0542
3 0.278 0.6134 0.0529 0.0778
0 0.2461 0.5766 0.0302 0.0597
3 0.4677 0.3315 0.0359 0.0435
3 0.4077 0.4262 0.0414 0.0653
3 0.4551 0.4519 0.0602 0.0778
3 0.8716 0.4076 0.138 0.1042
3 0.9839 0.9542 0.0323 0.0917
3 0.4073 0.5769 0.0625 0.0963
3 0.5286 0.8106 0.1349 0.2361
2 0.1753 0.6479 0.0344 0.0384
2 0.5751 0.2227 0.0221 0.0306
2 0.975 0.4498 0.05 0.0681
2 0.6022 0.1678 0.0258 0.019
2 0.5979 0.2141 0.0224 0.031
