2 0.6306 0.1894 0.0326 0.0463
2 0.3418 0.3359 0.0482 0.0606
2 0.4057 0.1319 0.0391 0.0491
2 0.5792 0.3331 0.0521 0.0597
2 0.3797 0.5134 0.0458 0.0796
2 0.3393 0.4968 0.0542 0.0648
2 0.4767 0.1963 0.0341 0.0398
2 0.4686 0.1556 0.0326 0.0491
2 0.4984 0.1252 0.0344 0.0477
2 0.9329 0.1977 0.0555 0.0759
3 0.9318 0.4292 0.1339 0.1509
2 0.7935 0.559 0.0719 0.0829
2 0.7198 0.7669 0.0745 0.1218
2 0.6546 0.7736 0.0716 0.1194
2 0.8318 0.8838 0.0766 0.1139
2 0.7891 0.9616 0.0932 0.0769
2 0.6173 0.45 0.0482 0.0574
2 0.6783 0.4569 0.0508 0.0787
2 0.7741 0.2938 0.0591 0.0523
