2 0.0193 0.4884 0.0375 0.0389
2 0.0285 0.5093 0.0445 0.0426
2 0.5493 0.5924 0.0544 0.0829
2 0.5193 0.6433 0.0698 0.0829
2 0.9142 0.4539 0.0523 0.0903
2 0.5232 0.8088 0.0609 0.112
2 0.4846 0.8537 0.0792 0.1176
2 0.4801 0.5072 0.094 0.1449
2 0.193 0.422 0.0484 0.0921
2 0.1262 0.4597 0.0648 0.0694
2 0.0611 0.3653 0.0555 0.0769
2 0.8055 0.338 0.0651 0.0676
2 0.7349 0.3394 0.0547 0.0676
2 0.734 0.2711 0.069 0.069
2 0.701 0.4451 0.0693 0.0727
2 0.6103 0.7773 0.1128 0.1546
2 0.4577 0.9435 0.1201 0.113
2 0.96 0.8669 0.0799 0.1532
0 0.6404 0.4016 0.0854 0.0597
2 0.6341 0.2278 0.0385 0.0583
2 0.6293 0.1769 0.0341 0.0463
2 0.0413 0.5405 0.0523 0.0745
2 0.1626 0.3891 0.0393 0.0708
2 0.5339 0.5157 0.0552 0.1083
