2 0.557 0.1375 0.0354 0.0435
2 0.5548 0.6697 0.0284 0.0301
1 0.4064 0.0255 0.0607 0.05
1 0.3577 0.0498 0.0523 0.0903
1 0.3236 0.1069 0.0471 0.0861
1 0.9563 0.3565 0.0755 0.1194
1 0.8245 0.3627 0.062 0.1023
1 0.6699 0.5516 0.0768 0.1125
1 0.6141 0.678 0.0875 0.1403
1 0.9764 0.6363 0.0471 0.0968
1 0.9457 0.6875 0.0669 0.1296
1 0.8608 0.6852 0.0857 0.1407
1 0.8086 0.7218 0.074 0.1407
1 0.7385 0.7391 0.0839 0.1273
1 0.6751 0.8241 0.0768 0.125
1 0.6038 0.7981 0.0888 0.1444
1 0.6957 0.9465 0.0872 0.1069
1 0.6404 0.9465 0.074 0.1069
1 0.5574 0.9593 0.093 0.0815
0 0.4328 0.1898 0.0411 0.1343
2 0.4682 0.6611 0.0542 0.1
2 0.5171 0.8125 0.0367 0.0537
