0 0.4426 0.794 0.0414 0.1046
3 0.5948 0.9826 0.0167 0.0347
3 0.7018 0.9764 0.0464 0.0472
2 0.8579 0.8245 0.0466 0.062
2 0.3358 0.4139 0.0315 0.0417
2 0.4671 0.181 0.0206 0.0389
0 0.457 0.0681 0.0214 0.0398
0 0.4148 0.1139 0.0271 0.0287
0 0.3922 0.2012 0.0417 0.0431
0 0.4402 0.3532 0.0227 0.0343
0 0.484 0.2891 0.0414 0.0495
0 0.4486 0.6285 0.0576 0.0644
0 0.2996 0.5072 0.0305 0.1106
1 0.4451 0.688 0.0411 0.087
1 0.4154 0.547 0.0464 0.0847
1 0.394 0.9123 0.0333 0.056
1 0.3454 0.6956 0.0471 0.0838
1 0.3393 0.7595 0.0401 0.0699
3 0.6105 0.022 0.0482 0.0431
3 0.0949 0.6352 0.0284 0.0685
