2 0.8612 0.9051 0.1234 0.1898
2 0.434 0.594 0.0424 0.0574
2 0.4788 0.2757 0.0378 0.0505
2 0.5001 0.3162 0.0513 0.0537
2 0.5589 0.2961 0.0531 0.0486
2 0.6163 0.3336 0.0497 0.0495
2 0.9066 0.6748 0.0544 0.0958
2 0.785 0.2926 0.0451 0.0778
2 0.8202 0.3225 0.0341 0.0569
2 0.7893 0.3662 0.0464 0.075
2 0.5616 0.347 0.0346 0.0523
2 0.5448 0.44 0.0557 0.0505
2 0.7699 0.5539 0.0836 0.0838
2 0.7573 0.6113 0.0594 0.0653
2 0.734 0.6606 0.0602 0.0759
2 0.4846 0.7188 0.0651 0.0838
2 0.4059 0.8921 0.0826 0.1426
2 0.1039 0.5708 0.0552 0.0889
2 0.0396 0.6157 0.063 0.0685
2 0.3708 0.5428 0.0776 0.1134
