0 0.8027 0.9597 0.0935 0.0806
2 0.0711 0.8185 0.0635 0.0796
1 0.9725 0.138 0.0549 0.1935
1 0.9042 0.1287 0.0974 0.1731
1 0.8059 0.119 0.1112 0.1398
0 0.7876 0.0968 0.1727 0.0907
1 0.6823 0.0718 0.1 0.1426
1 0.6332 0.1681 0.0961 0.1685
1 0.7165 0.1873 0.0799 0.1412
1 0.6861 0.2757 0.0742 0.1458
1 0.6374 0.3208 0.0669 0.1352
1 0.6344 0.5641 0.0781 0.1421
1 0.5878 0.4352 0.0891 0.1731
1 0.5464 0.3106 0.0943 0.1787
2 0.5448 0.0611 0.0568 0.0713
2 0.1388 0.6134 0.0495 0.0852
3 0.0191 0.4565 0.0378 0.1398
3 0.3047 0.3567 0.0693 0.1356
3 0.3583 0.2275 0.0948 0.0995
0 0.6241 0.8819 0.1169 0.1398
0 0.7182 0.6345 0.1104 0.2375
1 0.7514 0.4847 0.0706 0.1
1 0.8267 0.4942 0.0805 0.0755
1 0.9536 0.4313 0.0703 0.1468
0 0.8259 0.5331 0.1216 0.1625
0 0.4007 0.6836 0.0982 0.069
2 0.9505 0.8727 0.099 0.163
