3 0.4051 0.4546 0.0362 0.0722
3 0.629 0.8319 0.0284 0.0565
3 0.7031 0.86 0.0594 0.0894
2 0.9143 0.9169 0.0484 0.0745
2 0.8767 0.0769 0.0362 0.0435
2 0.669 0.2403 0.0323 0.038
3 0.3966 0.9294 0.0474 0.1116
3 0.477 0.8734 0.069 0.244
0 0.4419 0.8319 0.0385 0.0491
2 0.3697 0.7785 0.0195 0.0412
2 0.3768 0.8377 0.0245 0.0292
1 0.2926 0.5079 0.0174 0.037
1 0.3061 0.5424 0.0211 0.0551
1 0.2926 0.5852 0.0201 0.038
1 0.3018 0.6271 0.0193 0.0458
1 0.3273 0.5785 0.0187 0.0468
1 0.3404 0.5039 0.024 0.0421
1 0.3574 0.5192 0.0232 0.0412
1 0.3512 0.6065 0.0211 0.0435
1 0.3417 0.6576 0.0214 0.0542
1 0.3238 0.6919 0.0284 0.0514
1 0.3574 0.7431 0.0232 0.0574
1 0.3815 0.7104 0.0276 0.0495
1 0.3736 0.6581 0.0284 0.0597
1 0.3837 0.6049 0.0258 0.0514
1 0.4158 0.585 0.0289 0.0551
1 0.421 0.6442 0.0227 0.0505
1 0.4184 0.7005 0.0289 0.0546
1 0.4464 0.7016 0.0323 0.0644
1 0.4581 0.7516 0.0297 0.056
1 0.478 0.5819 0.0284 0.0565
1 0.5432 0.6194 0.0448 0.038
1 0.5074 0.6604 0.0227 0.0412
1 0.4828 0.4701 0.0354 0.0736
1 0.5018 0.5257 0.0255 0.0468
1 0.5283 0.4972 0.0362 0.0722
1 0.5177 0.4178 0.0328 0.0699
1 0.5786 0.5188 0.0411 0.0838
1 0.6016 0.4722 0.0344 0.0667
1 0.6863 0.3951 0.0451 0.0838
0 0.449 0.6049 0.0359 0.0588
0 0.6918 0.4993 0.0576 0.0699
0 0.616 0.2905 0.0424 0.0884
0 0.7911 0.0664 0.0432 0.0366
0 0.7723 0.2417 0.0221 0.0407
0 0.8372 0.2058 0.0375 0.0588
