2 0.326 0.306 0.0432 0.0694
2 0.0309 0.7838 0.0612 0.1
2 0.1604 0.4417 0.0641 0.0759
2 0.2875 0.481 0.0464 0.0463
2 0.3997 0.3644 0.0417 0.0731
2 0.4255 0.4174 0.051 0.0736
2 0.3635 0.4359 0.0521 0.0829
2 0.7086 0.6602 0.1161 0.2046
2 0.7755 0.7025 0.0667 0.1227
2 0.7766 0.8206 0.0953 0.1134
2 0.4385 0.9229 0.0891 0.1514
2 0.5283 0.3083 0.0487 0.0676
2 0.4693 0.3051 0.051 0.0648
2 0.4331 0.2801 0.037 0.0528
0 0.9405 0.597 0.119 0.1023
2 0.4591 0.1387 0.0432 0.044
2 0.4195 0.1729 0.0349 0.0431
2 0.5092 0.1873 0.0336 0.0532
2 0.1773 0.1516 0.0375 0.0477
2 0.2708 0.4519 0.0474 0.0417
2 0.6156 0.206 0.0323 0.0704
