2 0.7288 0.1 0.031 0.0519
2 0.7387 0.2553 0.0591 0.044
2 0.7216 0.3042 0.0505 0.0315
2 0.7264 0.7347 0.0935 0.1407
2 0.0693 0.3991 0.0536 0.0667
2 0.1798 0.4111 0.0409 0.0556
2 0.2167 0.3789 0.0354 0.0588
2 0.1199 0.7111 0.1029 0.125
0 0.3508 0.6449 0.1167 0.1111
2 0.4267 0.4174 0.0393 0.0801
2 0.5509 0.3609 0.0591 0.0625
2 0.901 0.4493 0.0911 0.1051
2 0.7991 0.4025 0.1029 0.1125
2 0.9581 0.2819 0.0641 0.0611
2 0.7947 0.5359 0.0893 0.0838
2 0.9751 0.5155 0.0497 0.1181
2 0.9724 0.6498 0.0552 0.1144
2 0.9607 0.79 0.0786 0.181
2 0.9245 0.9086 0.151 0.1764
2 0.5859 0.6049 0.0828 0.0856
2 0.4997 0.8197 0.0932 0.1495
2 0.3861 0.4641 0.0487 0.0634
2 0.3656 0.7201 0.0969 0.1375
2 0.4331 0.775 0.0724 0.1046
2 0.5658 0.8694 0.0794 0.1157
2 0.6164 0.9269 0.0927 0.1296
2 0.6848 0.8243 0.1034 0.1394
2 0.7379 0.1549 0.044 0.044
2 0.6447 0.1424 0.0419 0.0329
2 0.6044 0.1595 0.0391 0.0347
2 0.5685 0.4468 0.0495 0.0491
2 0.4521 0.2854 0.0474 0.0588
