2 0.0134 0.7428 0.0263 0.0968
2 0.3767 0.4405 0.0404 0.0579
2 0.1647 0.4069 0.0419 0.0426
2 0.1863 0.3368 0.0378 0.0366
2 0.0217 0.5863 0.043 0.0644
2 0.3712 0.7368 0.0518 0.081
2 0.498 0.6926 0.0513 0.0722
2 0.547 0.6352 0.0414 0.0583
2 0.5411 0.5678 0.0453 0.069
2 0.5828 0.5938 0.0411 0.0847
2 0.5605 0.4898 0.0466 0.062
2 0.4367 0.5345 0.0443 0.0634
2 0.3398 0.6678 0.0406 0.0606
2 0.2483 0.538 0.0398 0.0667
2 0.4493 0.8542 0.043 0.0722
2 0.6708 0.7 0.0516 0.0713
2 0.8095 0.9338 0.057 0.1037
2 0.8542 0.7 0.0854 0.1352
2 0.9602 0.5127 0.0547 0.0542
2 0.9724 0.615 0.0552 0.0921
2 0.8367 0.3882 0.0359 0.0551
2 0.4525 0.3199 0.0367 0.0481
2 0.5324 0.3609 0.0284 0.0532
2 0.4409 0.3655 0.0443 0.0542
2 0.4813 0.275 0.0255 0.0389
