2 0.3915 0.8556 0.0492 0.0963
2 0.188 0.6697 0.0432 0.0458
2 0.6296 0.1322 0.0607 0.0792
0 0.9454 0.7317 0.1091 0.1218
1 0.9799 0.2505 0.0401 0.1778
1 0.9305 0.235 0.0818 0.1468
0 0.9049 0.1903 0.1328 0.0917
3 0.0488 0.5245 0.069 0.1593
3 0.3682 0.4495 0.0813 0.1741
3 0.4249 0.3063 0.1013 0.1032
1 0.6435 0.4275 0.1052 0.1949
1 0.6922 0.5662 0.1161 0.1972
1 0.7363 0.715 0.0961 0.1412
1 0.7493 0.4535 0.0935 0.1755
1 0.8167 0.4301 0.1031 0.1926
1 0.8392 0.3257 0.1018 0.1949
1 0.7483 0.2694 0.1148 0.1815
1 0.7902 0.1502 0.1185 0.2042
1 0.9102 0.0569 0.1135 0.113
0 0.4732 0.8125 0.1026 0.0676
0 0.8418 0.8199 0.1201 0.2454
1 0.8867 0.6317 0.0651 0.1171
1 0.9612 0.6444 0.0776 0.1463
