2 0.4437 0.2975 0.0302 0.0375
2 0.4796 0.2826 0.0346 0.0366
2 0.9749 0.4657 0.0503 0.062
2 0.8953 0.9183 0.0698 0.0986
2 0.8638 0.9683 0.1167 0.0634
2 0.8526 0.3808 0.0464 0.0662
2 0.8763 0.3567 0.0521 0.0644
2 0.9105 0.3363 0.0612 0.0634
2 0.8719 0.4863 0.0594 0.0597
2 0.7908 0.3875 0.0523 0.0657
2 0.7469 0.3743 0.0474 0.0495
2 0.5542 0.4118 0.037 0.031
2 0.5827 0.3648 0.0435 0.0463
2 0.4009 0.7116 0.0669 0.0676
2 0.4629 0.9014 0.0747 0.1046
2 0.5057 0.815 0.0734 0.1051
2 0.7242 0.7188 0.0849 0.1292
2 0.6876 0.8141 0.093 0.119
2 0.6302 0.9361 0.1089 0.1278
2 0.7275 0.894 0.0846 0.1176
2 0.9436 0.685 0.1081 0.1088
2 0.7547 0.5891 0.0938 0.1153
2 0.6784 0.5356 0.0583 0.0769
2 0.6113 0.4887 0.0617 0.0847
2 0.5794 0.6257 0.0682 0.0699
2 0.2792 0.5574 0.0385 0.0685
2 0.2486 0.6056 0.0492 0.0583
2 0.068 0.5657 0.0427 0.0352
2 0.1108 0.531 0.0372 0.0574
2 0.3151 0.4269 0.0536 0.0657
2 0.5944 0.2648 0.0372 0.0454
2 0.4391 0.2669 0.0333 0.0301
2 0.5919 0.2208 0.0266 0.0472
