2 0.9612 0.7 0.0401 0.0611
2 0.9431 0.641 0.0424 0.0597
2 0.7911 0.6755 0.0406 0.0435
2 0.8428 0.7 0.0315 0.0611
2 0.8868 0.7317 0.0424 0.0727
2 0.3763 0.5789 0.0328 0.0458
2 0.5632 0.4928 0.0273 0.0458
2 0.528 0.5949 0.0289 0.0481
3 0.1436 0.4417 0.0602 0.0648
3 0.366 0.0567 0.0419 0.0505
3 0.4948 0.0938 0.0385 0.0597
3 0.6505 0.0377 0.0458 0.0458
3 0.7217 0.1333 0.0367 0.0593
3 0.7102 0.2819 0.0464 0.0667
3 0.7634 0.3405 0.0523 0.0792
3 0.7228 0.4294 0.0471 0.0699
3 0.7647 0.615 0.0419 0.0745
3 0.8521 0.3236 0.0359 0.0852
3 0.9893 0.685 0.0214 0.0606
2 0.7534 0.9833 0.049 0.0333
2 0.7406 0.884 0.049 0.0847
2 0.8622 0.591 0.0354 0.0514
0 0.6234 0.6725 0.0677 0.0856
