2 0.5638 0.3058 0.0354 0.0292
2 0.3242 0.2836 0.0359 0.0458
2 0.3677 0.269 0.0401 0.0472
2 0.315 0.5162 0.0461 0.063
2 0.2831 0.4863 0.0625 0.0819
2 0.7754 0.5245 0.0477 0.062
2 0.0954 0.3801 0.0503 0.0537
2 0.5642 0.381 0.0393 0.0389
2 0.4911 0.3549 0.0354 0.0412
2 0.4348 0.394 0.0503 0.0574
2 0.3956 0.444 0.049 0.0676
2 0.4257 0.4968 0.0451 0.062
2 0.4284 0.5437 0.0417 0.0542
2 0.5415 0.6623 0.0487 0.0792
2 0.4286 0.6262 0.0448 0.0699
2 0.4643 0.6678 0.0578 0.1023
2 0.4299 0.8669 0.0677 0.1134
2 0.3993 0.7715 0.0435 0.0931
2 0.2883 0.6387 0.0505 0.0681
2 0.5036 0.4815 0.0339 0.0472
2 0.6312 0.5174 0.0365 0.0708
2 0.5396 0.7111 0.0427 0.05
