2 0.3754 0.2127 0.031 0.0458
2 0.9424 0.5743 0.0734 0.0819
2 0.319 0.4734 0.0458 0.0644
2 0.3738 0.4676 0.0477 0.0713
2 0.3534 0.4132 0.038 0.0662
2 0.1204 0.466 0.0779 0.0616
2 0.4701 0.3632 0.0411 0.056
2 0.6079 0.728 0.0961 0.1616
2 0.6548 0.7725 0.0555 0.1032
2 0.651 0.8606 0.0693 0.0935
2 0.8516 0.7738 0.0714 0.106
2 0.9189 0.6387 0.0607 0.0894
2 0.8401 0.5005 0.0719 0.0667
2 0.846 0.5449 0.0482 0.0407
0 0.7986 0.6778 0.0982 0.0759
2 0.2517 0.515 0.0471 0.0403
2 0.2379 0.49 0.0477 0.0431
2 0.2777 0.337 0.0393 0.0528
2 0.416 0.3597 0.044 0.062
2 0.3882 0.3306 0.0315 0.0481
2 0.6746 0.2944 0.0367 0.037
2 0.8306 0.4164 0.0497 0.0616
2 0.5518 0.2769 0.0281 0.0676
