2 0.5078 0.6264 0.0766 0.0806
2 0.8893 0.3944 0.0755 0.0639
2 0.5182 0.8171 0.0677 0.1269
2 0.1974 0.1817 0.0495 0.0671
2 0.4781 0.4863 0.1328 0.1421
2 0.5358 0.5738 0.0654 0.0875
2 0.601 0.7792 0.1276 0.175
2 0.4302 0.9477 0.1052 0.1046
2 0.7536 0.3035 0.0682 0.0708
2 0.8284 0.2979 0.075 0.0671
2 0.7551 0.2345 0.0581 0.0699
2 0.8182 0.2044 0.0651 0.0514
2 0.6363 0.1389 0.0383 0.0435
2 0.6493 0.184 0.0378 0.0421
2 0.6667 0.2384 0.0583 0.062
2 0.7109 0.4113 0.075 0.0708
2 0.7733 0.4787 0.068 0.0676
0 0.6414 0.3683 0.0979 0.0699
2 0.8201 0.5403 0.0391 0.05
2 0.9413 0.6829 0.0482 0.0519
2 0.1017 0.4532 0.0643 0.0731
2 0.1423 0.3792 0.0451 0.0722
2 0.4543 0.8521 0.0987 0.1227
2 0.519 0.5016 0.0594 0.1032
