2 0.5264 0.25 0.0279 0.0426
2 0.473 0.2229 0.0424 0.0366
2 0.4393 0.2588 0.0349 0.0426
2 0.4482 0.3502 0.0417 0.0523
2 0.484 0.3678 0.0529 0.0569
2 0.2826 0.5312 0.0495 0.0542
2 0.2973 0.5567 0.0565 0.0569
2 0.5484 0.3549 0.0469 0.0523
2 0.3781 0.4993 0.0536 0.0681
2 0.1668 0.5456 0.068 0.0699
2 0.7741 0.6847 0.1628 0.2157
2 0.8638 0.7296 0.0807 0.1435
2 0.8829 0.8583 0.1409 0.15
2 0.4165 0.4373 0.0404 0.0773
2 0.4387 0.4831 0.0477 0.0745
2 0.3428 0.3896 0.0471 0.0644
2 0.4535 0.9674 0.0956 0.0653
2 0.4688 0.8852 0.0594 0.087
