2 0.7477 0.5488 0.0604 0.0681
2 0.2572 0.3817 0.0299 0.0347
2 0.4853 0.2229 0.0346 0.0403
2 0.3046 0.3456 0.0383 0.0569
2 0.087 0.4146 0.0464 0.0736
2 0.0583 0.5484 0.0443 0.0671
2 0.0737 0.5653 0.0573 0.0648
2 0.0872 0.5863 0.0484 0.0579
2 0.6549 0.3185 0.0552 0.0648
2 0.9738 0.7296 0.0523 0.0972
2 0.9727 0.8123 0.0547 0.1125
2 0.9477 0.8778 0.099 0.1398
2 0.7255 0.3183 0.0693 0.0681
2 0.7931 0.3803 0.0596 0.0616
2 0.7312 0.3794 0.0552 0.0597
2 0.6982 0.488 0.0625 0.0741
2 0.5587 0.6368 0.0596 0.0699
2 0.4956 0.9556 0.0995 0.0889
2 0.6229 0.7956 0.1 0.1458
2 0.506 0.553 0.1135 0.1403
2 0.1895 0.4431 0.0466 0.0713
2 0.1642 0.5118 0.0549 0.069
2 0.2251 0.4782 0.0497 0.0731
