1 0.4747 0.6014 0.0385 0.063
2 0.5243 0.1347 0.0232 0.0426
0 0.4555 0.1581 0.0349 0.0394
1 0.2954 0.631 0.0424 0.0769
1 0.3289 0.712 0.0349 0.0667
1 0.3982 0.7935 0.0547 0.0667
1 0.3858 0.6771 0.0414 0.081
1 0.3948 0.6065 0.0385 0.0806
1 0.459 0.4725 0.0424 0.0801
0 0.4898 0.562 0.0615 0.0685
0 0.3581 0.4398 0.0297 0.0954
3 0.6625 0.8442 0.062 0.0829
2 0.8348 0.7093 0.0451 0.0583
2 0.3952 0.3611 0.0289 0.037
3 0.5845 0.9134 0.0362 0.063
3 0.5341 0.9252 0.0297 0.0458
0 0.4905 0.2975 0.0201 0.031
0 0.5344 0.2356 0.0354 0.0426
0 0.5171 0.0269 0.0237 0.0491
0 0.4793 0.0762 0.0221 0.0375
