2 0.2585 0.4875 0.0576 0.0519
2 0.1591 0.6542 0.0849 0.0954
2 0.8057 0.2039 0.0521 0.0319
2 0.5497 0.3204 0.0573 0.0759
2 0.4292 0.1817 0.0443 0.044
2 0.9062 0.9118 0.0813 0.1227
2 0.9087 0.8194 0.0951 0.1657
2 0.806 0.7657 0.1714 0.2778
2 0.1223 0.4743 0.0737 0.0736
2 0.2697 0.5164 0.0617 0.0505
2 0.402 0.3845 0.0487 0.0773
2 0.4314 0.4437 0.0602 0.0847
2 0.3599 0.4567 0.0604 0.0773
2 0.3211 0.3243 0.0557 0.0819
2 0.4784 0.3197 0.0531 0.0718
2 0.4437 0.2882 0.0464 0.0523
2 0.5289 0.1914 0.0333 0.0551
2 0.4699 0.1477 0.0477 0.0491
2 0.504 0.4287 0.068 0.0935
