1 0.5048 0.6442 0.0169 0.0181
1 0.4367 0.4965 0.0359 0.0708
1 0.4371 0.6134 0.0341 0.0593
1 0.421 0.7699 0.0279 0.0472
1 0.409 0.7294 0.0284 0.0412
1 0.3793 0.7424 0.0284 0.0468
1 0.3835 0.6863 0.0237 0.0495
0 0.407 0.6398 0.0323 0.0593
1 0.3732 0.6231 0.0302 0.063
1 0.3365 0.6488 0.0328 0.0597
1 0.3349 0.7012 0.0323 0.0514
1 0.3046 0.6611 0.0232 0.0519
1 0.2812 0.6352 0.0208 0.0481
1 0.2587 0.5995 0.0284 0.0481
1 0.299 0.56 0.0354 0.0606
0 0.5609 0.2975 0.0406 0.0884
0 0.7118 0.2287 0.0174 0.0398
0 0.7725 0.1926 0.0341 0.0528
0 0.7193 0.0637 0.0401 0.0356
2 0.7934 0.0681 0.031 0.0333
3 0.4452 0.8898 0.0747 0.2204
1 0.4583 0.5389 0.025 0.0546
1 0.4852 0.5095 0.0323 0.0699
1 0.4725 0.4403 0.0341 0.0667
1 0.5374 0.5312 0.0362 0.0699
1 0.5529 0.4803 0.0359 0.0597
1 0.6354 0.3917 0.0437 0.0676
0 0.6457 0.4861 0.0529 0.0574
2 0.6102 0.2412 0.0297 0.0333
2 0.8893 0.8669 0.0458 0.0708
3 0.6033 0.8444 0.0284 0.0398
3 0.6789 0.8456 0.0547 0.0856
3 0.357 0.4958 0.0318 0.0519
