2 0.3921 0.3917 0.0466 0.0481
2 0.0987 0.5181 0.0458 0.0583
2 0.2943 0.5273 0.037 0.063
2 0.8328 0.5488 0.0724 0.0681
2 0.8281 0.8164 0.0786 0.1069
2 0.5828 0.828 0.0734 0.1162
2 0.418 0.669 0.0568 0.0704
2 0.4822 0.8463 0.0753 0.1343
2 0.4302 0.8109 0.05 0.1088
2 0.5466 0.3141 0.05 0.0394
2 0.5467 0.3576 0.0404 0.0458
2 0.5595 0.4148 0.0456 0.0491
2 0.5018 0.5611 0.0427 0.0917
2 0.4723 0.3975 0.0409 0.0616
2 0.4092 0.4544 0.0586 0.0755
2 0.3712 0.5292 0.0576 0.0843
2 0.6658 0.5912 0.0471 0.0935
2 0.1172 0.6257 0.0583 0.0514
2 0.5786 0.9072 0.0401 0.0606
2 0.7737 0.5787 0.0484 0.0426
