1 0.9605 0.7007 0.0763 0.1218
0 0.9159 0.2606 0.125 0.1111
2 0.6439 0.1674 0.0633 0.0829
2 0.4842 0.9523 0.0987 0.0954
2 0.4035 0.9058 0.0456 0.0847
3 0.4328 0.3574 0.1094 0.1241
3 0.3764 0.5012 0.0805 0.1699
3 0.0538 0.566 0.0664 0.1616
0 0.4866 0.8731 0.0987 0.0676
1 0.9409 0.0868 0.1182 0.1727
1 0.8164 0.1868 0.1193 0.206
1 0.7634 0.3185 0.1091 0.1926
1 0.9612 0.294 0.0776 0.1778
1 0.8632 0.3678 0.0992 0.1903
1 0.8451 0.485 0.0917 0.1903
1 0.7686 0.497 0.0805 0.1458
1 0.7603 0.7785 0.0846 0.131
1 0.7086 0.6243 0.0974 0.1773
1 0.6625 0.4803 0.1005 0.1949
2 0.6618 0.3067 0.044 0.0468
0 0.8702 0.8766 0.1279 0.2468
0 0.9592 0.7958 0.0815 0.1194
