1 0.8605 0.1981 0.0549 0.0611
1 0.8465 0.1359 0.0336 0.0718
2 0.8492 0.8387 0.0563 0.0838
3 0.8125 0.7516 0.0844 0.1505
3 0.4579 0.6863 0.1018 0.1847
3 0.7326 0.3456 0.088 0.0755
3 0.4361 0.2998 0.0451 0.0838
3 0.3143 0.4725 0.0307 0.081
3 0.385 0.4363 0.0388 0.0699
3 0.4247 0.4461 0.0563 0.0662
3 0.3755 0.535 0.0474 0.0727
3 0.4428 0.3606 0.0315 0.0537
3 0.2728 0.5963 0.0477 0.0713
0 0.2452 0.5727 0.0284 0.0491
2 0.5435 0.3731 0.0344 0.0398
2 0.6962 0.1294 0.032 0.0384
2 0.8132 0.3657 0.0544 0.0444
