2 0.4826 0.2604 0.0354 0.0282
2 0.5922 0.1986 0.0286 0.0481
2 0.5967 0.2414 0.0357 0.0394
2 0.2573 0.5662 0.0469 0.0556
2 0.627 0.8759 0.107 0.1306
2 0.7202 0.8262 0.0779 0.1051
2 0.857 0.9303 0.1224 0.1394
2 0.929 0.6331 0.1049 0.0986
2 0.7486 0.5451 0.0904 0.1032
2 0.7161 0.6648 0.0813 0.1167
2 0.5091 0.7551 0.0745 0.0954
2 0.4654 0.8315 0.0755 0.1148
2 0.5792 0.5829 0.0677 0.0648
2 0.6069 0.4674 0.0695 0.1014
2 0.675 0.4958 0.0604 0.0778
2 0.8665 0.4521 0.0576 0.0523
2 0.9051 0.3072 0.0602 0.0625
2 0.8552 0.3521 0.0594 0.0653
2 0.8699 0.3248 0.0461 0.0569
2 0.7462 0.3428 0.0461 0.0477
2 0.5822 0.3387 0.0451 0.0384
2 0.556 0.384 0.038 0.0319
2 0.3233 0.4 0.0513 0.0648
2 0.2911 0.5204 0.0302 0.0731
2 0.407 0.663 0.0677 0.0657
2 0.1197 0.5035 0.0362 0.0606
2 0.0277 0.8231 0.0549 0.1213
2 0.4426 0.2488 0.0388 0.031
2 0.4056 0.9111 0.0654 0.1111
2 0.4454 0.2764 0.0273 0.0389
