3 0.5577 0.9271 0.0367 0.0653
3 0.6105 0.9144 0.0315 0.0583
3 0.6852 0.8463 0.0568 0.0759
0 0.4954 0.5574 0.0591 0.0574
2 0.399 0.3606 0.0302 0.0407
2 0.8479 0.7102 0.0458 0.063
2 0.5238 0.1389 0.0216 0.0435
0 0.4793 0.0817 0.0273 0.031
0 0.516 0.0292 0.0232 0.0472
0 0.457 0.1602 0.0406 0.0444
0 0.4928 0.3009 0.018 0.0306
0 0.5345 0.2396 0.0341 0.0394
0 0.3613 0.4431 0.0284 0.0954
1 0.4633 0.4773 0.0484 0.0815
1 0.4865 0.6127 0.0401 0.0699
1 0.3993 0.6141 0.0466 0.0792
1 0.3905 0.6817 0.0419 0.0782
1 0.4112 0.8005 0.05 0.0769
1 0.3354 0.7144 0.0411 0.0713
1 0.2993 0.6398 0.0451 0.0806
