2 0.794 0.3421 0.0484 0.0685
2 0.6643 0.3611 0.0568 0.075
2 0.4543 0.2623 0.0477 0.0662
2 0.485 0.1676 0.0508 0.0787
2 0.2349 0.3866 0.0568 0.0861
2 0.1392 0.6618 0.0664 0.1088
2 0.0418 0.5646 0.0529 0.0773
2 0.0913 0.5993 0.056 0.0875
2 0.7272 0.6405 0.0648 0.1023
2 0.6336 0.4669 0.0531 0.0903
2 0.557 0.5743 0.0703 0.0986
2 0.5164 0.685 0.0714 0.1134
2 0.4303 0.6282 0.0523 0.0787
2 0.7245 0.2674 0.0464 0.0634
2 0.7214 0.2294 0.037 0.0468
2 0.8853 0.4292 0.0539 0.1065
2 0.8801 0.678 0.0654 0.1097
2 0.7283 0.4553 0.0581 0.0903
2 0.7861 0.5088 0.0674 0.1074
2 0.6805 0.4403 0.0552 0.0815
2 0.5504 0.3706 0.0508 0.0579
2 0.498 0.4891 0.0617 0.0866
2 0.8056 0.4509 0.0581 0.0796
