2 0.9706 0.9208 0.0589 0.1583
0 0.4139 0.7148 0.0961 0.063
0 0.6521 0.9236 0.1187 0.1528
0 0.847 0.5755 0.1148 0.1537
0 0.7525 0.6574 0.1258 0.2694
1 0.7802 0.5113 0.0781 0.1375
1 0.86 0.5296 0.0721 0.0713
1 0.9697 0.4817 0.0607 0.1375
2 0.3413 0.7507 0.0383 0.0727
2 0.1426 0.6294 0.0529 0.0755
1 0.6553 0.5928 0.0747 0.1375
1 0.6112 0.4644 0.0938 0.1676
1 0.5699 0.3266 0.0987 0.1745
1 0.6592 0.3475 0.0695 0.1375
1 0.7145 0.3095 0.0898 0.1653
1 0.7492 0.2167 0.0833 0.1583
1 0.6583 0.184 0.0974 0.169
1 0.7053 0.0833 0.1013 0.1657
1 0.8027 0.0236 0.082 0.0463
0 0.8267 0.1197 0.1721 0.0838
1 0.8406 0.1431 0.1224 0.1463
1 0.9431 0.1546 0.106 0.1769
1 0.9896 0.1713 0.0208 0.1454
3 0.3167 0.3778 0.0734 0.1481
3 0.3767 0.2407 0.0852 0.0944
3 0.0208 0.4752 0.0411 0.1384
2 0.566 0.0745 0.0534 0.0759
