2 0.8125 0.1856 0.0302 0.0509
0 0.4908 0.7579 0.1133 0.1046
2 0.5083 0.8447 0.0974 0.1347
2 0.3829 0.8213 0.0612 0.1157
2 0.0595 0.6067 0.0602 0.0792
2 0.0272 0.559 0.0482 0.0792
2 0.5003 0.5516 0.0479 0.0764
2 0.5523 0.5139 0.0526 0.0806
2 0.5557 0.36 0.0536 0.0764
2 0.6625 0.4606 0.0604 0.0667
2 0.6242 0.5792 0.0703 0.0991
2 0.693 0.5644 0.0625 0.0602
2 0.7246 0.7502 0.0826 0.0819
2 0.6609 0.9505 0.0911 0.0991
2 0.5803 0.922 0.0758 0.1199
2 0.9323 0.7139 0.0813 0.1148
2 0.8262 0.4194 0.0435 0.0463
2 0.8401 0.3984 0.0443 0.0394
2 0.837 0.3588 0.0495 0.0417
2 0.6499 0.2356 0.0367 0.037
2 0.3079 0.4106 0.0383 0.062
2 0.2658 0.4447 0.044 0.0505
2 0.1534 0.4083 0.0448 0.0639
2 0.8789 0.922 0.1193 0.156
