2 0.0629 0.4282 0.0565 0.0926
2 0.0638 0.559 0.0625 0.0968
2 0.7168 0.1595 0.0466 0.0523
2 0.7109 0.206 0.0458 0.0593
2 0.4814 0.0785 0.0549 0.0903
2 0.4357 0.8961 0.0932 0.1792
2 0.8362 0.5852 0.0625 0.0852
2 0.9673 0.5192 0.0654 0.1227
2 0.8591 0.3581 0.05 0.0931
2 0.7589 0.4336 0.0729 0.1079
2 0.7094 0.3817 0.0568 0.0875
2 0.6621 0.3618 0.0549 0.0968
2 0.6091 0.372 0.0495 0.081
2 0.5973 0.4486 0.069 0.0907
2 0.5283 0.4683 0.0643 0.1079
2 0.4043 0.4928 0.0565 0.0727
2 0.4788 0.3734 0.0544 0.0838
2 0.5365 0.2692 0.0516 0.0597
2 0.4896 0.5616 0.0698 0.1083
