0 0.8872 0.1752 0.1786 0.1125
1 0.7168 0.2396 0.1096 0.1792
1 0.8044 0.2852 0.1083 0.1926
1 0.778 0.3806 0.0992 0.1926
1 0.7167 0.4181 0.0901 0.1824
1 0.6128 0.3933 0.1135 0.2106
1 0.6625 0.5412 0.124 0.2083
0 0.9167 0.6569 0.1302 0.1537
1 0.926 0.5766 0.0818 0.1264
1 0.8518 0.5711 0.0693 0.1171
3 0.0327 0.5 0.0648 0.1583
3 0.3484 0.4225 0.076 0.1477
3 0.4108 0.2831 0.1096 0.1125
0 0.8092 0.7512 0.118 0.2477
0 0.4509 0.7759 0.0992 0.063
1 0.7092 0.6701 0.0794 0.1384
1 0.9125 0.2275 0.1115 0.2005
1 0.9806 0.2275 0.0388 0.1958
1 0.7634 0.119 0.118 0.2019
1 0.875 0.0442 0.1089 0.0875
2 0.1697 0.6692 0.0503 0.0838
2 0.6061 0.1095 0.0549 0.0792
2 0.3708 0.8141 0.0516 0.0875
