2 0.1073 0.4759 0.0505 0.0778
2 0.0474 0.5319 0.0557 0.0593
2 0.2971 0.4708 0.0411 0.0741
2 0.3126 0.5847 0.0565 0.0944
2 0.6526 0.2771 0.0609 0.0903
2 0.6398 0.2361 0.0578 0.0935
2 0.6965 0.0977 0.0742 0.0602
2 0.6923 0.4836 0.1247 0.1486
2 0.7742 0.5708 0.1594 0.2435
2 0.6665 0.9176 0.1018 0.162
2 0.4984 0.7243 0.0406 0.0588
2 0.4708 0.6792 0.0599 0.1056
2 0.4402 0.8502 0.1451 0.2199
3 0.4729 0.0535 0.0589 0.0532
2 0.2128 0.6306 0.0427 0.0583
3 0.0276 0.6537 0.0542 0.1287
2 0.3848 0.2273 0.043 0.0648
