1 0.6534 0.4734 0.0427 0.0773
1 0.5854 0.5475 0.0302 0.056
1 0.5677 0.5944 0.0349 0.0722
1 0.5102 0.5053 0.0312 0.0736
1 0.5217 0.5859 0.0284 0.0755
1 0.5025 0.6053 0.018 0.0366
1 0.4783 0.5567 0.0367 0.0745
1 0.5174 0.6898 0.026 0.0287
1 0.4789 0.6597 0.0281 0.062
0 0.4509 0.6813 0.0299 0.0551
1 0.4245 0.6725 0.0297 0.0588
1 0.4323 0.7299 0.0245 0.0449
1 0.4529 0.762 0.0245 0.0426
1 0.4415 0.7951 0.0237 0.0495
1 0.4254 0.7711 0.0174 0.0421
1 0.3954 0.7854 0.0232 0.044
1 0.3848 0.7435 0.0263 0.0519
1 0.3897 0.6935 0.0284 0.0528
1 0.3551 0.7384 0.0227 0.0435
1 0.3635 0.6931 0.0214 0.0426
3 0.5725 0.8542 0.0201 0.0528
3 0.6263 0.8743 0.0401 0.0727
2 0.6415 0.3329 0.0242 0.0324
2 0.7879 0.9069 0.0367 0.062
0 0.6645 0.5625 0.0503 0.0491
0 0.7559 0.1613 0.0414 0.0319
0 0.7332 0.3324 0.0174 0.0343
0 0.79 0.2995 0.0315 0.0528
0 0.5957 0.3824 0.0419 0.0769
3 0.4547 0.888 0.0594 0.1731
3 0.3991 0.9569 0.0326 0.075
2 0.3883 0.9088 0.0219 0.038
2 0.3822 0.8521 0.0201 0.0412
1 0.3113 0.5991 0.018 0.0333
1 0.3113 0.6718 0.0185 0.0389
1 0.3236 0.6299 0.0201 0.0449
1 0.3267 0.7132 0.0174 0.0366
1 0.3393 0.6678 0.0193 0.0468
1 0.3548 0.5956 0.0195 0.0403
1 0.3671 0.6153 0.0232 0.0426
