2 0.6673 0.1829 0.0305 0.0398
3 0.4079 0.3995 0.0341 0.0676
2 0.8642 0.8289 0.0445 0.069
0 0.7896 0.0127 0.0375 0.0245
1 0.4512 0.641 0.0279 0.0597
1 0.4212 0.6317 0.0232 0.0458
1 0.427 0.5866 0.0232 0.0491
1 0.4173 0.5229 0.031 0.0597
1 0.3861 0.5456 0.0237 0.0458
1 0.3786 0.5995 0.0271 0.0528
1 0.3852 0.6495 0.0219 0.0472
1 0.3648 0.6806 0.024 0.0472
1 0.3367 0.6502 0.0234 0.0366
1 0.3245 0.6236 0.0208 0.0389
1 0.3487 0.5924 0.0214 0.0403
1 0.3555 0.5479 0.0208 0.0412
1 0.3312 0.5188 0.0161 0.0421
1 0.362 0.466 0.0245 0.0449
1 0.3458 0.4477 0.0245 0.0444
1 0.3051 0.4512 0.018 0.0375
1 0.3132 0.481 0.0227 0.0472
1 0.302 0.5273 0.0206 0.0481
1 0.31 0.5685 0.0279 0.0435
1 0.3229 0.6907 0.025 0.0426
1 0.3007 0.6465 0.0206 0.0505
1 0.4786 0.5287 0.0349 0.062
1 0.5284 0.5602 0.0286 0.0315
1 0.5026 0.4664 0.0219 0.0458
1 0.5299 0.4461 0.0354 0.0662
1 0.4815 0.4111 0.0318 0.0676
1 0.518 0.365 0.0401 0.0745
1 0.5775 0.4565 0.0388 0.0713
1 0.597 0.4139 0.0419 0.0759
1 0.6815 0.3382 0.0495 0.0801
3 0.3909 0.8498 0.0516 0.1079
3 0.466 0.7944 0.0674 0.2231
2 0.3828 0.7664 0.0224 0.0356
3 0.6053 0.7558 0.0253 0.0458
3 0.6716 0.778 0.0542 0.0745
0 0.6855 0.4324 0.0549 0.0602
0 0.6132 0.2331 0.0456 0.0838
0 0.7721 0.181 0.0193 0.0389
0 0.8367 0.1465 0.0323 0.0597
