2 0.4465 0.3123 0.0299 0.0329
2 0.484 0.2928 0.0372 0.0347
2 0.44 0.2887 0.0378 0.044
2 0.3145 0.4498 0.0555 0.0662
2 0.2783 0.5868 0.0331 0.0671
2 0.5947 0.6778 0.0742 0.0806
2 0.6233 0.5269 0.0727 0.1019
2 0.6983 0.5727 0.0643 0.0981
2 0.7789 0.6363 0.1042 0.1329
2 0.9012 0.5229 0.0523 0.0708
2 0.8818 0.4127 0.0516 0.0699
2 0.9038 0.3688 0.0487 0.0514
2 0.9469 0.3558 0.0594 0.0671
2 0.7664 0.3926 0.0458 0.0556
2 0.8111 0.4192 0.0565 0.0773
2 0.9669 0.7574 0.0661 0.1398
2 0.7574 0.9606 0.093 0.0787
2 0.7146 0.8829 0.0917 0.1194
2 0.7499 0.7882 0.0914 0.1495
2 0.5188 0.8769 0.0792 0.1278
2 0.4893 0.953 0.0495 0.0838
2 0.6156 0.9162 0.0625 0.075
2 0.5613 0.4391 0.0378 0.0375
2 0.5932 0.3856 0.0479 0.0463
2 0.1008 0.5546 0.0417 0.062
2 0.1458 0.4644 0.0406 0.05
2 0.4026 0.7667 0.0724 0.0806
2 0.6022 0.2773 0.0336 0.0435
2 0.5982 0.2289 0.0245 0.0458
