2 0.2358 0.2812 0.0544 0.0745
2 0.1858 0.444 0.057 0.0491
2 0.1818 0.4215 0.0531 0.044
2 0.1698 0.4016 0.0422 0.0403
2 0.0272 0.4317 0.0539 0.0653
2 0.275 0.3931 0.0589 0.075
2 0.315 0.3241 0.0471 0.0731
2 0.64 0.5609 0.1294 0.1921
2 0.7273 0.7005 0.0807 0.1176
2 0.7102 0.5831 0.0792 0.1264
2 0.6846 0.7681 0.0792 0.1102
2 0.7486 0.9516 0.0872 0.0968
2 0.9566 0.5424 0.0867 0.1375
2 0.8783 0.2338 0.0576 0.0713
2 0.873 0.1685 0.0523 0.0583
2 0.9163 0.3037 0.0794 0.0944
0 0.8711 0.4641 0.1193 0.0801
