2 0.3461 0.3019 0.038 0.0481
2 0.1009 0.3836 0.044 0.0505
2 0.1458 0.4718 0.05 0.05
2 0.163 0.5692 0.0557 0.0468
2 0.0353 0.4616 0.0617 0.0509
2 0.0378 0.7389 0.062 0.0806
2 0.259 0.5958 0.0669 0.0889
2 0.299 0.6113 0.0578 0.0838
2 0.3258 0.4935 0.0333 0.0583
2 0.3922 0.5032 0.0526 0.0769
2 0.4309 0.4414 0.0581 0.0736
2 0.4371 0.6326 0.0549 0.0634
2 0.5142 0.5417 0.0461 0.0759
2 0.4229 0.5648 0.0432 0.0667
2 0.4944 0.3949 0.0378 0.0593
2 0.419 0.3711 0.0464 0.0329
2 0.5691 0.3201 0.0409 0.0338
2 0.5768 0.4157 0.0391 0.0528
2 0.4376 0.7556 0.0534 0.1
2 0.4892 0.7873 0.0784 0.1097
2 0.5822 0.7826 0.069 0.1079
2 0.4139 0.9481 0.0602 0.1037
2 0.8329 0.5597 0.0654 0.0667
2 0.6672 0.5808 0.0469 0.0866
2 0.5751 0.8493 0.0388 0.0523
2 0.7736 0.5819 0.0487 0.0389
