0 0.435 0.8025 0.0227 0.0366
2 0.3758 0.7509 0.0187 0.0343
2 0.3822 0.8065 0.0201 0.0287
1 0.3316 0.5551 0.0206 0.0435
1 0.3077 0.6037 0.0221 0.0444
1 0.3 0.56 0.0208 0.0403
1 0.3142 0.5188 0.0195 0.0495
1 0.3029 0.4861 0.0187 0.037
1 0.2993 0.6775 0.0206 0.0412
1 0.3484 0.481 0.0219 0.0519
1 0.3607 0.4981 0.0245 0.0444
1 0.3548 0.5843 0.0195 0.038
1 0.3487 0.6289 0.0224 0.0514
1 0.3276 0.666 0.0193 0.0458
1 0.3616 0.7144 0.0227 0.0481
1 0.385 0.6829 0.0206 0.0426
1 0.376 0.6431 0.0271 0.0528
1 0.3861 0.5836 0.0263 0.0505
1 0.4186 0.5572 0.0258 0.0551
1 0.427 0.6162 0.0206 0.0472
1 0.4203 0.6725 0.024 0.056
1 0.4507 0.6725 0.0279 0.0606
0 0.4518 0.5819 0.0276 0.0537
1 0.4811 0.5606 0.0284 0.0574
1 0.5388 0.5949 0.0474 0.0333
1 0.5029 0.4977 0.0224 0.0528
1 0.4852 0.4433 0.0349 0.0699
1 0.5215 0.3972 0.0367 0.0722
1 0.5306 0.481 0.0279 0.063
1 0.5802 0.5 0.0354 0.0824
1 0.5977 0.4456 0.0344 0.0745
1 0.685 0.3743 0.044 0.0838
0 0.6143 0.2725 0.0406 0.0792
0 0.8389 0.1861 0.0305 0.0537
0 0.7725 0.2225 0.0227 0.0366
0 0.7915 0.04 0.0466 0.0366
0 0.6904 0.4734 0.0552 0.0597
3 0.3961 0.9007 0.0516 0.1227
3 0.4734 0.8438 0.0682 0.2384
3 0.6159 0.7993 0.0234 0.0597
3 0.6896 0.8236 0.0578 0.0889
3 0.5831 0.775 0.0219 0.0389
2 0.8885 0.8847 0.0484 0.0676
2 0.669 0.2206 0.0297 0.0329
3 0.4081 0.4333 0.0328 0.0685
