2 0.5293 0.0618 0.0227 0.0366
0 0.459 0.0836 0.0331 0.0394
0 0.5302 0.1701 0.0323 0.0449
0 0.4841 0.2264 0.0214 0.0352
1 0.081 0.8102 0.0547 0.0676
1 0.2397 0.6264 0.0529 0.0676
1 0.2704 0.5484 0.0424 0.0838
1 0.2983 0.6262 0.0435 0.0708
1 0.3516 0.7153 0.051 0.0528
1 0.3616 0.6072 0.0487 0.0782
1 0.3682 0.5389 0.0495 0.0824
1 0.4378 0.4016 0.0542 0.0866
0 0.3448 0.3579 0.037 0.0991
0 0.4678 0.4847 0.0581 0.0519
2 0.7747 0.669 0.0427 0.0611
3 0.5896 0.7884 0.0594 0.0907
2 0.388 0.2843 0.0292 0.0324
