2 0.8322 0.2169 0.0326 0.0495
0 0.527 0.8081 0.1133 0.0977
2 0.5966 0.9523 0.0901 0.0954
2 0.4132 0.8669 0.0659 0.1236
2 0.5448 0.8907 0.0927 0.1231
2 0.8978 0.962 0.0935 0.0759
2 0.9599 0.7769 0.0802 0.1444
2 0.8581 0.3977 0.0536 0.0491
2 0.8609 0.4359 0.0448 0.0394
2 0.8527 0.462 0.0477 0.0435
2 0.6685 0.265 0.0391 0.0375
2 0.7076 0.2542 0.0391 0.0389
2 0.6868 0.494 0.0581 0.0769
2 0.7211 0.6072 0.0557 0.0653
2 0.7551 0.8028 0.0867 0.088
2 0.6513 0.6234 0.0714 0.106
2 0.5766 0.5451 0.0495 0.0847
2 0.5277 0.588 0.0508 0.0796
2 0.5786 0.3977 0.0484 0.0796
2 0.3236 0.4306 0.044 0.0639
2 0.2879 0.4685 0.0461 0.0537
2 0.1742 0.4282 0.0469 0.0593
2 0.0505 0.5697 0.0516 0.0653
2 0.0855 0.6243 0.0581 0.0819
2 0.1082 0.3738 0.0456 0.0718
