3 0.5056 0.8514 0.0378 0.0676
2 0.5885 0.0669 0.0214 0.0356
2 0.4445 0.2706 0.0297 0.0366
3 0.5874 0.8157 0.0576 0.0907
1 0.3258 0.5215 0.0349 0.0597
1 0.3487 0.5995 0.0354 0.0713
1 0.327 0.6359 0.0258 0.0495
1 0.293 0.587 0.0349 0.0593
0 0.4012 0.3444 0.031 0.0907
0 0.5069 0.4822 0.0544 0.0468
1 0.407 0.5829 0.0333 0.063
1 0.4171 0.5229 0.0341 0.0644
1 0.4852 0.4019 0.0437 0.0704
2 0.7773 0.7278 0.0453 0.063
1 0.1013 0.7956 0.0281 0.0551
0 0.5396 0.2326 0.0187 0.0273
0 0.5854 0.172 0.0318 0.0366
0 0.5234 0.0773 0.0328 0.0287
