1 0.4852 0.6188 0.0427 0.0838
0 0.4956 0.5627 0.0589 0.0579
0 0.5171 0.035 0.0253 0.0514
0 0.5358 0.2475 0.0367 0.0366
0 0.4941 0.3095 0.0221 0.0319
2 0.4003 0.3669 0.0302 0.0412
0 0.3624 0.4509 0.031 0.1019
1 0.4643 0.4822 0.0432 0.0792
1 0.3991 0.6222 0.0393 0.0815
1 0.3958 0.6937 0.0458 0.0829
1 0.4139 0.8164 0.0586 0.0782
1 0.3374 0.716 0.0336 0.0653
1 0.2996 0.6451 0.0419 0.0745
3 0.6806 0.8519 0.0555 0.0778
2 0.8477 0.7144 0.0453 0.062
3 0.6033 0.922 0.031 0.0551
3 0.5505 0.9345 0.0292 0.0551
0 0.4556 0.1655 0.0367 0.0468
2 0.5254 0.1421 0.0227 0.0389
0 0.4793 0.0852 0.0232 0.0333
