0 0.4513 0.1072 0.0266 0.0356
2 0.3835 0.3074 0.0279 0.0389
1 0.0701 0.8363 0.0521 0.056
1 0.2358 0.6324 0.0471 0.05
1 0.3016 0.6514 0.038 0.0667
1 0.2707 0.5745 0.0393 0.0778
1 0.3609 0.7484 0.0536 0.0597
1 0.3654 0.631 0.0432 0.0815
1 0.3738 0.5683 0.0383 0.0745
1 0.4393 0.4236 0.0411 0.0787
0 0.3401 0.3838 0.0344 0.0954
0 0.4677 0.5111 0.0594 0.0593
3 0.6099 0.8095 0.0536 0.0708
2 0.7922 0.6815 0.0453 0.063
3 0.4771 0.8766 0.0266 0.0329
3 0.5254 0.8715 0.0367 0.0597
0 0.4813 0.2512 0.0234 0.0319
0 0.5245 0.1891 0.0359 0.044
2 0.5202 0.0824 0.0227 0.0435
