2 0.5499 0.5118 0.0643 0.1005
2 0.1733 0.3752 0.0503 0.0718
2 0.4374 0.9685 0.0836 0.063
2 0.6273 0.8296 0.1307 0.1759
2 0.6768 0.1502 0.0422 0.0477
2 0.6824 0.2053 0.0435 0.0616
2 0.7089 0.2583 0.0609 0.0676
2 0.968 0.322 0.0641 0.0727
2 0.8682 0.2289 0.0708 0.0532
2 0.8806 0.3248 0.0836 0.0708
2 0.799 0.2558 0.0682 0.0708
2 0.7978 0.3229 0.0674 0.0699
2 0.8202 0.5167 0.0742 0.0722
2 0.7574 0.4421 0.0945 0.0806
2 0.5357 0.6569 0.0714 0.0806
2 0.5586 0.6019 0.0813 0.087
2 0.5049 0.5032 0.1484 0.1565
2 0.1391 0.4507 0.0589 0.0764
2 0.0242 0.4752 0.0401 0.0532
2 0.0297 0.5 0.0536 0.0556
2 0.0362 0.5192 0.0667 0.0671
2 0.4759 0.8833 0.0966 0.1176
2 0.5482 0.8671 0.0771 0.1417
