0 0.9777 0.39 0.0445 0.0745
2 0.3219 0.2039 0.0495 0.0699
2 0.3612 0.3778 0.0479 0.0787
2 0.3138 0.3644 0.0474 0.075
2 0.0187 0.4289 0.0333 0.0606
2 0.4581 0.0238 0.0354 0.0458
2 0.6262 0.069 0.0414 0.0528
2 0.9298 0.0993 0.0539 0.0644
2 0.7654 0.1942 0.0536 0.0449
2 0.5681 0.2148 0.0544 0.0509
2 0.6046 0.3308 0.0461 0.0468
2 0.6701 0.338 0.0448 0.0704
2 0.7822 0.4447 0.0617 0.0801
3 0.9189 0.3282 0.1357 0.1407
2 0.6995 0.6382 0.0719 0.1171
2 0.6382 0.6435 0.0727 0.113
2 0.5408 0.8808 0.0633 0.1227
2 0.6055 0.9067 0.0682 0.1319
2 0.7638 0.8435 0.0901 0.1343
2 0.8051 0.7507 0.0716 0.1088
2 0.6134 0.2625 0.0763 0.0796
2 0.6229 0.215 0.0583 0.081
