3 0.049 0.7359 0.0974 0.1403
2 0.3835 0.4697 0.0445 0.0718
2 0.4773 0.2389 0.0391 0.0648
2 0.7732 0.3549 0.0594 0.0856
2 0.7544 0.3063 0.0568 0.1023
2 0.8247 0.153 0.088 0.0625
3 0.5749 0.0681 0.0581 0.0593
3 0.0951 0.6012 0.1344 0.131
2 0.2038 0.4257 0.0424 0.0718
2 0.1447 0.4704 0.0404 0.0519
2 0.2889 0.6181 0.0299 0.0602
2 0.3945 0.5949 0.0563 0.0926
2 0.8284 0.5914 0.1776 0.1597
2 0.5564 0.7488 0.068 0.1218
2 0.525 0.9056 0.1396 0.1889
2 0.9066 0.7296 0.1867 0.2833
2 0.584 0.7847 0.0424 0.0639
