2 0.8025 0.5271 0.0477 0.0625
2 0.3324 0.6565 0.0352 0.0556
2 0.8712 0.9512 0.0367 0.069
2 0.8738 0.7558 0.0471 0.0745
2 0.6978 0.2674 0.0268 0.031
2 0.8462 0.3671 0.0461 0.0583
2 0.7695 0.7803 0.0594 0.0801
2 0.7092 0.7322 0.0549 0.0829
2 0.7831 0.6257 0.0625 0.0838
2 0.7314 0.5725 0.0518 0.0653
2 0.6574 0.5194 0.0419 0.0611
2 0.6715 0.4785 0.032 0.0384
2 0.6505 0.45 0.0339 0.05
2 0.426 0.8711 0.0437 0.0727
2 0.4061 0.8037 0.0409 0.0731
2 0.3777 0.7713 0.0378 0.0602
2 0.5893 0.6 0.0359 0.062
2 0.5398 0.7111 0.0422 0.0593
3 0.5186 0.5183 0.0534 0.0616
2 0.477 0.9764 0.0576 0.0472
2 0.8406 0.2817 0.0427 0.0319
