2 0.9327 0.5829 0.0549 0.0611
2 0.3215 0.5014 0.0419 0.0667
2 0.097 0.5044 0.0461 0.0495
2 0.4527 0.7403 0.0523 0.0796
2 0.4858 0.7477 0.043 0.0685
2 0.385 0.5903 0.0445 0.0731
2 0.5025 0.6692 0.0451 0.0681
2 0.5397 0.6273 0.0424 0.0741
2 0.5145 0.5204 0.0508 0.0556
2 0.4768 0.5141 0.0354 0.0597
2 0.6332 0.7137 0.0487 0.0773
2 0.7876 0.9333 0.0622 0.1046
2 0.969 0.8583 0.062 0.1
2 0.9478 0.9713 0.0784 0.0574
2 0.9128 0.4789 0.0484 0.0523
2 0.9632 0.4718 0.0539 0.0537
2 0.8264 0.666 0.0747 0.1134
2 0.4 0.3708 0.0354 0.0454
2 0.4276 0.3225 0.0281 0.0421
2 0.3598 0.4998 0.0341 0.0606
2 0.4049 0.9206 0.05 0.0764
2 0.4499 0.4623 0.0336 0.0236
2 0.4828 0.3951 0.0214 0.0505
2 0.8505 0.4479 0.0365 0.0264
