2 0.4991 0.3528 0.0305 0.0435
2 0.6194 0.4002 0.0424 0.0671
3 0.043 0.6252 0.0849 0.1347
2 0.0332 0.5486 0.0471 0.0556
2 0.0874 0.4813 0.0341 0.0579
2 0.2501 0.4796 0.0372 0.0454
2 0.3371 0.4042 0.043 0.0778
2 0.4798 0.3451 0.0398 0.0681
2 0.4889 0.4042 0.0779 0.1269
2 0.5599 0.0269 0.049 0.0528
2 0.5521 0.119 0.0281 0.0657
2 0.5404 0.1021 0.0255 0.0579
2 0.5935 0.1748 0.0599 0.0662
2 0.6512 0.1741 0.0789 0.1204
2 0.9677 0.2303 0.0646 0.1218
2 0.3284 0.1965 0.0292 0.0523
2 0.2973 0.3546 0.0299 0.0611
