0 0.9533 0.3581 0.0935 0.094
2 0.5242 0.2144 0.0552 0.0491
2 0.563 0.3299 0.0469 0.0477
2 0.6285 0.3331 0.0451 0.0671
2 0.7352 0.4313 0.0724 0.0764
2 0.8743 0.0961 0.0508 0.0644
2 0.5805 0.0752 0.0422 0.0495
2 0.2711 0.209 0.0521 0.0634
2 0.3115 0.387 0.049 0.0787
2 0.2624 0.3681 0.0497 0.0602
2 0.66 0.6287 0.0727 0.1148
2 0.6003 0.638 0.0781 0.1176
2 0.5021 0.8919 0.0646 0.1245
2 0.5668 0.9123 0.0711 0.1329
2 0.726 0.8289 0.0891 0.1514
2 0.7698 0.7333 0.0719 0.1185
3 0.8678 0.3104 0.1211 0.1431
2 0.934 0.1933 0.0513 0.0569
2 0.7212 0.188 0.0518 0.0417
2 0.4125 0.0361 0.0359 0.0398
2 0.3441 0.0144 0.0383 0.0278
