2 0.9414 0.3111 0.0391 0.0602
2 0.3384 0.638 0.0424 0.062
2 0.3637 0.6472 0.0378 0.0546
2 0.2712 0.5234 0.044 0.0579
2 0.423 0.5361 0.043 0.0639
2 0.6404 0.7361 0.0542 0.0861
2 0.6779 0.5162 0.0693 0.0954
2 0.7737 0.772 0.0781 0.1106
2 0.8048 0.637 0.0685 0.0769
2 0.8431 0.7688 0.0732 0.0903
2 0.9775 0.6069 0.0451 0.0611
2 0.9848 0.5667 0.0305 0.0565
2 0.9741 0.5213 0.0518 0.062
2 0.7637 0.36 0.0409 0.0486
2 0.3724 0.3438 0.0245 0.0588
2 0.7733 0.4278 0.0503 0.0583
2 0.5039 0.5917 0.0391 0.0685
2 0.3212 0.2944 0.0279 0.0398
2 0.2893 0.3368 0.0396 0.0421
