2 0.5048 0.291 0.056 0.0801
2 0.2191 0.4007 0.0424 0.0366
2 0.2298 0.4252 0.0596 0.0505
2 0.0983 0.4137 0.0737 0.0625
2 0.2395 0.447 0.0576 0.0495
2 0.3292 0.4012 0.0589 0.0727
2 0.3704 0.338 0.0461 0.0796
2 0.3941 0.3859 0.0581 0.0718
2 0.7079 0.6539 0.1471 0.2116
2 0.793 0.6981 0.0839 0.1463
2 0.8059 0.8331 0.094 0.1273
2 0.4081 0.9248 0.0828 0.1431
0 0.9523 0.572 0.0953 0.0894
2 0.9118 0.8542 0.0883 0.1157
2 0.9738 0.7729 0.0523 0.1449
2 0.2926 0.2787 0.0508 0.0694
2 0.4077 0.2535 0.0424 0.0505
2 0.4431 0.2875 0.0617 0.0759
2 0.4 0.1502 0.0339 0.0403
2 0.4914 0.1632 0.0312 0.0505
