0 0.9165 0.2861 0.1086 0.1083
2 0.2391 0.3005 0.0484 0.0704
2 0.3017 0.0896 0.0414 0.0449
2 0.4865 0.2442 0.0536 0.0579
2 0.5324 0.0981 0.0404 0.0528
2 0.8187 0.0514 0.0479 0.0657
2 0.7051 0.4069 0.0659 0.0769
2 0.6423 0.619 0.0727 0.1111
2 0.5797 0.641 0.0703 0.1116
2 0.7561 0.6998 0.0727 0.1116
2 0.7211 0.8021 0.0896 0.1477
2 0.565 0.9259 0.0737 0.137
2 0.4952 0.9181 0.0622 0.125
2 0.5918 0.3347 0.0492 0.0713
2 0.529 0.3472 0.0435 0.0472
2 0.2889 0.4604 0.0534 0.0819
2 0.2404 0.4583 0.0495 0.0741
3 0.8229 0.2641 0.1224 0.1394
2 0.676 0.1755 0.0536 0.037
