2 0.0697 0.8088 0.0763 0.1176
2 0.575 0.9361 0.0797 0.1278
0 0.7708 0.9132 0.0927 0.0977
1 0.7986 0.4375 0.0763 0.1222
1 0.7379 0.4197 0.0607 0.1171
0 0.7948 0.4965 0.1151 0.1606
0 0.693 0.5919 0.1073 0.2319
1 0.9535 0.106 0.093 0.2028
1 0.8625 0.1134 0.0917 0.1815
1 0.7736 0.0907 0.1044 0.1333
1 0.6568 0.0639 0.0932 0.1269
1 0.6112 0.1491 0.0896 0.1741
1 0.6861 0.1634 0.0664 0.138
1 0.6551 0.2579 0.0727 0.1491
1 0.6079 0.281 0.0602 0.1056
1 0.6098 0.5257 0.0664 0.1273
1 0.565 0.4037 0.0763 0.1676
1 0.5286 0.2884 0.0859 0.1685
3 0.3496 0.2155 0.0888 0.0921
3 0.2975 0.3391 0.0643 0.1394
1 0.9155 0.3898 0.0805 0.163
0 0.6007 0.8282 0.107 0.1296
2 0.318 0.6926 0.0391 0.0685
0 0.3891 0.6535 0.0891 0.0597
2 0.9134 0.8181 0.093 0.1593
2 0.9771 0.9229 0.0458 0.1125
2 0.9745 0.7738 0.051 0.0801
3 0.0202 0.4458 0.0398 0.1444
2 0.5316 0.05 0.0565 0.0657
2 0.6 0.031 0.0464 0.0481
2 0.1402 0.5924 0.0482 0.0792
