2 0.4533 0.4271 0.0424 0.0375
0 0.41 0.4322 0.0445 0.0486
2 0.422 0.6102 0.0586 0.0769
2 0.3178 0.5255 0.0654 0.0787
2 0.6027 0.528 0.0477 0.0477
2 0.6331 0.4572 0.0573 0.0495
2 0.6393 0.3245 0.0417 0.0454
2 0.5074 0.3389 0.0388 0.0361
2 0.4612 0.3218 0.0385 0.0361
2 0.077 0.6375 0.0461 0.0741
2 0.0262 0.6866 0.0497 0.0565
2 0.1306 0.5197 0.0414 0.0579
2 0.3612 0.7664 0.0792 0.119
2 0.4259 0.9549 0.082 0.0903
2 0.5113 0.8738 0.0758 0.0921
2 0.6509 0.8579 0.0909 0.1222
2 0.882 0.8236 0.137 0.1713
2 0.7707 0.7231 0.0836 0.1204
2 0.6861 0.6493 0.0727 0.1134
2 0.8384 0.4894 0.0544 0.0685
2 0.8871 0.5106 0.0706 0.0907
2 0.9725 0.5062 0.0549 0.0866
2 0.4647 0.3623 0.0336 0.0412
2 0.6332 0.2711 0.032 0.0523
