2 0.6111 0.9748 0.0617 0.0505
2 0.1626 0.5391 0.0378 0.0634
2 0.5018 0.2616 0.0349 0.0491
2 0.5549 0.0535 0.0323 0.0394
2 0.7961 0.0234 0.0427 0.0449
2 0.7316 0.2613 0.0581 0.0384
2 0.6327 0.1697 0.0638 0.0745
2 0.5865 0.1727 0.0354 0.0444
2 0.4268 0.1549 0.0344 0.0403
2 0.6444 0.4222 0.0471 0.0787
2 0.3615 0.1407 0.0391 0.0444
2 0.5375 0.3171 0.0531 0.0537
2 0.877 0.1479 0.0518 0.0671
0 0.9458 0.4229 0.1083 0.1162
3 0.8783 0.3685 0.1258 0.1593
2 0.5372 0.9671 0.0688 0.0657
2 0.7635 0.9285 0.0938 0.1199
2 0.7997 0.8183 0.0755 0.1181
2 0.7527 0.509 0.0674 0.0801
2 0.6242 0.7322 0.0714 0.1153
2 0.6866 0.7178 0.0706 0.1116
2 0.3428 0.5106 0.0466 0.075
2 0.3007 0.3472 0.0487 0.0648
