1 0.622 0.4281 0.0563 0.0437
1 0.5828 0.2271 0.0529 0.0583
1 0.5077 0.1646 0.0392 0.0458
1 0.4744 0.1646 0.041 0.0417
1 0.7048 0.3021 0.0512 0.0542
1 0.7142 0.1792 0.0461 0.0625
1 0.7799 0.2188 0.0307 0.025
1 0.779 0.274 0.0563 0.0521
1 0.5887 0.2979 0.0444 0.0542
1 0.9462 0.4542 0.0631 0.0708
1 0.9241 0.4156 0.0563 0.0646
1 0.9676 0.4021 0.0478 0.0625
1 0.7995 0.1177 0.0392 0.0646
1 0.8797 0.2135 0.0427 0.0646
1 0.5324 0.4906 0.058 0.0813
1 0.727 0.4208 0.0341 0.0417
1 0.3686 0.4635 0.0444 0.0729
1 0.3609 0.3958 0.0495 0.0542
1 0.3592 0.3302 0.0597 0.0729
1 0.3285 0.2677 0.0529 0.0521
1 0.198 0.2354 0.0341 0.0417
1 0.1724 0.2083 0.0341 0.0333
1 0.977 0.1448 0.0461 0.0646
1 0.8669 0.2656 0.0512 0.0437
1 0.9616 0.2979 0.0563 0.0625
1 0.5 0.5625 0.041 0.0625
1 0.7705 0.599 0.0563 0.0729
1 0.837 0.6458 0.0529 0.0667
1 0.9215 0.6708 0.058 0.0667
1 0.9249 0.7135 0.0683 0.0688
1 0.9582 0.6813 0.0427 0.0667
1 0.4949 0.7 0.041 0.0625
1 0.663 0.7146 0.0495 0.0625
1 0.7133 0.7719 0.0648 0.0771
1 0.7218 0.8604 0.0717 0.0875
1 0.8157 0.8281 0.0546 0.0771
1 0.8695 0.924 0.0597 0.0813
1 0.5486 0.7135 0.0392 0.0604
1 0.4334 0.9021 0.0512 0.0583
1 0.8541 0.8448 0.0427 0.0521
