0 0.566 0.284 0.0403 0.1284
2 0.1646 0.4778 0.0736 0.1111
1 0.8562 0.8593 0.2292 0.2815
1 0.8833 0.684 0.1694 0.2568
0 0.7778 0.6025 0.1056 0.0938
0 0.7931 0.5543 0.2528 0.1457
0 0.6292 0.5469 0.1583 0.116
2 0.7306 0.7062 0.15 0.2173
2 0.6062 0.6185 0.1264 0.1802
0 0.159 0.9025 0.2597 0.1951
1 0.7486 0.4395 0.1111 0.1531
1 0.8535 0.4346 0.1181 0.1926
2 0.7944 0.3395 0.1083 0.0914
0 0.784 0.2963 0.1069 0.1383
0 0.9201 0.2494 0.1458 0.1432
0 0.8326 0.1593 0.1264 0.1111
2 0.6549 0.4012 0.1319 0.121
1 0.6299 0.3358 0.0875 0.1333
1 0.7306 0.1778 0.0833 0.1531
1 0.0569 0.8519 0.1083 0.2222
2 0.0715 0.6778 0.1069 0.1654
1 0.0278 0.6037 0.0528 0.1062
1 0.1757 0.5975 0.0931 0.1333
1 0.4813 0.5568 0.1125 0.1852
1 0.3785 0.521 0.0875 0.1481
0 0.3833 0.416 0.075 0.0765
0 0.3222 0.4235 0.0667 0.121
1 0.425 0.3877 0.0778 0.1185
2 0.266 0.5506 0.0875 0.1481
2 0.084 0.5222 0.0875 0.116
1 0.0493 0.4556 0.0653 0.116
1 0.2521 0.4111 0.0681 0.0963
1 0.2028 0.3309 0.0639 0.079
0 0.4465 0.2852 0.0903 0.0864
0 0.4444 0.2309 0.0972 0.0765
1 0.5271 0.2444 0.0792 0.1333
2 0.7278 0.037 0.0694 0.0691
1 0.6312 0.1654 0.0514 0.0889
1 0.2806 0.3037 0.0639 0.1086
2 0.1993 0.7951 0.1319 0.2074
1 0.509 0.0778 0.0431 0.0963
