2 0.6237 0.5677 0.0563 0.0813
2 0.7022 0.576 0.0529 0.0729
2 0.6527 0.5167 0.0734 0.0917
2 0.7108 0.4896 0.0666 0.0833
2 0.9189 0.2188 0.0461 0.0708
2 0.8524 0.2573 0.0631 0.0688
2 0.8148 0.325 0.0563 0.0667
2 0.884 0.376 0.0648 0.0688
2 0.9573 0.3458 0.0648 0.0875
2 0.977 0.4073 0.0461 0.0771
2 0.5964 0.3896 0.0529 0.075
2 0.5981 0.4646 0.0529 0.075
2 0.7048 0.651 0.0614 0.0854
2 0.6638 0.775 0.0717 0.0958
2 0.5154 0.5219 0.0546 0.0729
2 0.8413 0.6802 0.0614 0.0854
2 0.9727 0.6854 0.0546 0.075
2 0.9787 0.8073 0.0427 0.1062
2 0.2474 0.724 0.0717 0.0979
1 0.2014 0.2344 0.058 0.0729
