1 0.0512 0.1708 0.0614 0.0625
1 0.0512 0.1177 0.058 0.0604
1 0.1596 0.0885 0.0461 0.0521
1 0.1024 0.9688 0.0683 0.0583
1 0.0913 0.8938 0.0666 0.0875
1 0.07 0.7573 0.0751 0.0896
1 0.0401 0.6656 0.0563 0.0771
1 0.6382 0.7219 0.0614 0.0771
1 0.3703 0.849 0.0478 0.0688
1 0.349 0.8063 0.0597 0.075
1 0.4437 0.6615 0.0717 0.0813
1 0.4548 0.4708 0.0597 0.0792
1 0.3481 0.7427 0.0785 0.0896
1 0.3771 0.6104 0.0614 0.1083
1 0.2534 0.4281 0.0563 0.0813
1 0.2108 0.4188 0.0529 0.0417
1 0.2637 0.499 0.0734 0.0771
1 0.3234 0.5146 0.0768 0.075
1 0.3754 0.4531 0.0717 0.0854
1 0.2901 0.4104 0.0512 0.0667
1 0.7056 0.6344 0.0666 0.0813
1 0.651 0.574 0.0563 0.0729
1 0.6561 0.3917 0.0597 0.0917
1 0.6288 0.3281 0.0461 0.0729
1 0.9778 0.626 0.0444 0.0729
1 0.9275 0.5802 0.0631 0.0813
1 0.9258 0.4229 0.0529 0.0792
1 0.7927 0.224 0.0461 0.0813
1 0.8609 0.4365 0.0529 0.0854
1 0.4462 0.1604 0.0597 0.0708
1 0.3985 0.3063 0.0495 0.0833
1 0.3311 0.049 0.0444 0.0354
1 0.3677 0.1115 0.0358 0.0896
1 0.3788 0.1958 0.0444 0.0833
1 0.7611 0.5479 0.0614 0.0958
