1 0.8882 0.3177 0.0631 0.0688
1 0.9258 0.3656 0.0529 0.0646
1 0.8345 0.2708 0.0717 0.0875
1 0.7773 0.1854 0.0597 0.1
1 0.6766 0.8823 0.0802 0.0938
1 0.8609 0.9125 0.0939 0.1125
1 0.9437 0.9323 0.0956 0.1187
1 0.959 0.7729 0.0819 0.125
1 0.9735 0.6385 0.0529 0.1146
1 0.9718 0.5302 0.0358 0.0813
1 0.9181 0.475 0.0751 0.1083
1 0.7713 0.5198 0.1195 0.1396
1 0.5648 0.7438 0.0751 0.0958
1 0.5973 0.6552 0.0683 0.0938
1 0.7688 0.4031 0.0939 0.1104
1 0.5094 0.1469 0.0734 0.0938
1 0.4659 0.2198 0.0478 0.1062
1 0.5256 0.4104 0.0648 0.0917
1 0.4608 0.3875 0.0546 0.0833
1 0.3422 0.6406 0.0529 0.0729
1 0.3712 0.7302 0.0802 0.1021
1 0.9608 0.0979 0.0717 0.0792
1 0.8686 0.1135 0.0648 0.0771
1 0.901 0.1656 0.0648 0.0813
1 0.6485 0.6156 0.0444 0.1187
