1 0.2382 0.3864 0.0681 0.0815
1 0.1611 0.3716 0.0528 0.0716
1 0.1868 0.4148 0.0597 0.0691
1 0.2868 0.442 0.1014 0.0988
1 0.2056 0.4938 0.0583 0.0889
1 0.159 0.4901 0.0681 0.0864
1 0.1229 0.5481 0.0653 0.0938
1 0.4799 0.2827 0.0597 0.0617
2 0.4833 0.3259 0.0583 0.0543
0 0.4382 0.4778 0.0792 0.1309
0 0.4931 0.3975 0.0583 0.0889
0 0.5535 0.337 0.0542 0.0864
0 0.5736 0.3889 0.0556 0.1012
0 0.5292 0.4457 0.0639 0.0963
0 0.4826 0.5111 0.0681 0.0988
0 0.5563 0.5395 0.0708 0.1111
0 0.5007 0.579 0.0792 0.1358
0 0.8056 0.2494 0.075 0.0741
1 0.7535 0.2716 0.0653 0.1185
1 0.6576 0.3802 0.0708 0.0938
1 0.7528 0.4383 0.0917 0.121
1 0.675 0.437 0.075 0.1185
1 0.7479 0.5444 0.0792 0.1506
1 0.8021 0.4988 0.0681 0.1284
1 0.8465 0.4049 0.0764 0.1284
1 0.9354 0.3975 0.0736 0.1284
1 0.9868 0.2914 0.0264 0.1086
1 0.6646 0.5852 0.0847 0.1481
1 0.8187 0.6025 0.0986 0.1778
1 0.9201 0.5691 0.0986 0.1704
1 0.9 0.6691 0.1028 0.1926
1 0.9819 0.5963 0.0361 0.1901
1 0.7562 0.6753 0.0847 0.1506
1 0.6715 0.7099 0.1014 0.1951
1 0.9785 0.784 0.0431 0.1605
2 0.9062 0.779 0.1264 0.1802
2 0.9847 0.9272 0.0306 0.1457
2 0.3854 0.6025 0.0986 0.1235
1 0.3118 0.6025 0.0819 0.1235
0 0.3208 0.4963 0.1361 0.084
0 0.3056 0.5407 0.0944 0.079
1 0.2826 0.6877 0.0903 0.1358
1 0.2681 0.7951 0.1167 0.1531
0 0.4938 0.6901 0.1958 0.116
1 0.2382 0.5704 0.0569 0.1086
1 0.1792 0.5877 0.0611 0.0938
1 0.0611 0.5543 0.0611 0.0815
1 0.025 0.484 0.0472 0.1086
1 0.1146 0.6568 0.0847 0.1432
1 0.0361 0.684 0.0694 0.1333
1 0.0431 0.8198 0.0833 0.1728
1 0.5472 0.7765 0.1472 0.2099
0 0.6097 0.737 0.0778 0.2741
0 0.3556 0.8901 0.1278 0.2198
0 0.2847 0.9074 0.1222 0.116
0 0.6979 0.9395 0.1736 0.121
0 0.5528 0.8951 0.1361 0.1012
0 0.4257 0.8938 0.1403 0.2123
1 0.1285 0.9309 0.1486 0.1383
1 0.6319 0.9617 0.1028 0.0765
1 0.5222 0.9519 0.1194 0.0963
