0 0.6889 0.1901 0.0944 0.1185
0 0.6674 0.2889 0.0931 0.084
0 0.6354 0.1123 0.0681 0.1012
0 0.3285 0.9037 0.0958 0.1926
0 0.2507 0.7049 0.2181 0.2889
0 0.1826 0.6432 0.2097 0.1901
0 0.8875 0.779 0.225 0.3185
0 0.9021 0.637 0.1958 0.2568
0 0.8868 0.5556 0.2264 0.1926
0 0.6549 0.3704 0.1764 0.1481
0 0.8778 0.4407 0.2444 0.1407
0 0.7083 0.6173 0.1222 0.3556
0 0.6083 0.5667 0.1361 0.2543
0 0.5174 0.5802 0.1986 0.2123
0 0.9361 0.237 0.1278 0.1333
0 0.9181 0.1198 0.1361 0.1654
0 0.5778 0.216 0.0778 0.0667
0 0.5681 0.1802 0.0861 0.0543
0 0.5118 0.3864 0.1208 0.2346
0 0.4188 0.4272 0.1569 0.2123
0 0.4354 0.2543 0.1375 0.1235
1 0.3882 0.5284 0.1347 0.2519
1 0.3347 0.3222 0.0861 0.1605
0 0.2722 0.384 0.0944 0.2099
0 0.2368 0.3407 0.1264 0.2025
0 0.1833 0.221 0.1222 0.2198
0 0.4403 0.1049 0.1472 0.0963
1 0.2569 0.1914 0.0806 0.1309
1 0.2146 0.0988 0.0625 0.084
1 0.3243 0.1568 0.0708 0.116
1 0.375 0.0704 0.0639 0.1012
1 0.3736 0.1716 0.0639 0.116
0 0.5563 0.0617 0.0625 0.1185
0 0.7333 0.1247 0.0972 0.1704
0 0.8396 0.0556 0.1458 0.1062
0 0.8299 0.158 0.0847 0.1086
0 0.0417 0.5383 0.0806 0.2469
2 0.1104 0.4531 0.1264 0.1457
