1 0.8299 0.1901 0.0597 0.0938
1 0.041 0.5037 0.0792 0.1136
1 0.0757 0.4037 0.0736 0.1012
1 0.1354 0.3346 0.0792 0.1111
1 0.1896 0.3642 0.0764 0.0963
1 0.1611 0.4901 0.0806 0.116
0 0.2479 0.3778 0.0792 0.084
1 0.2556 0.4975 0.0639 0.116
2 0.3389 0.6951 0.125 0.1506
1 0.3299 0.4296 0.0653 0.1383
1 0.2903 0.3358 0.0528 0.0642
1 0.2972 0.2556 0.0472 0.0815
1 0.2389 0.2506 0.05 0.0716
1 0.3396 0.3025 0.0514 0.0864
1 0.3854 0.3432 0.0597 0.1037
1 0.3896 0.4346 0.0708 0.1086
1 0.4208 0.2185 0.0472 0.0765
1 0.4715 0.1864 0.0597 0.0716
1 0.4813 0.2506 0.0708 0.0914
1 0.4431 0.3099 0.075 0.0963
0 0.5146 0.1951 0.0431 0.0593
1 0.4618 0.3988 0.0792 0.121
1 0.5292 0.0975 0.0361 0.0568
2 0.5542 0.116 0.0444 0.0395
1 0.7146 0.1395 0.0542 0.0914
1 0.6639 0.1272 0.05 0.1111
1 0.6056 0.1506 0.0583 0.1037
1 0.5896 0.2247 0.0542 0.0938
1 0.6104 0.2556 0.0569 0.0963
2 0.6444 0.2012 0.0639 0.0617
1 0.6757 0.2654 0.0625 0.0864
1 0.6687 0.3333 0.0681 0.1037
0 0.9437 0.3309 0.0875 0.1136
1 0.8896 0.2383 0.0764 0.1358
0 0.7986 0.2802 0.1083 0.1556
0 0.7264 0.2111 0.1167 0.0716
1 0.8688 0.3457 0.0875 0.1531
1 0.9597 0.2222 0.0806 0.1284
1 0.0444 0.6457 0.0861 0.1605
0 0.7646 0.384 0.1014 0.1556
0 0.7014 0.4099 0.0889 0.1333
1 0.7604 0.5222 0.1236 0.1753
1 0.6444 0.4333 0.0889 0.1852
1 0.509 0.479 0.0958 0.158
0 0.5701 0.4457 0.0792 0.1062
0 0.1986 0.5259 0.075 0.1037
1 0.2097 0.6395 0.0722 0.1185
1 0.1715 0.6877 0.0792 0.1358
0 0.1847 0.7815 0.1778 0.2642
1 0.2472 0.784 0.1111 0.2
0 0.2889 0.6049 0.0889 0.1432
1 0.4153 0.8444 0.1528 0.2864
0 0.4861 0.6333 0.175 0.1358
0 0.4646 0.763 0.1542 0.2272
0 0.7361 0.7173 0.1222 0.2691
1 0.2139 0.9568 0.1417 0.0864
1 0.6097 0.7667 0.1472 0.2691
1 0.6222 0.937 0.1917 0.1259
1 0.9458 0.6148 0.1083 0.2815
