1 0.1903 0.4708 0.0734 0.1042
1 0.1962 0.6219 0.0717 0.1021
1 0.785 0.7125 0.058 0.1
1 0.5427 0.8646 0.041 0.0792
1 0.3259 0.1417 0.0614 0.075
1 0.4855 0.1229 0.0802 0.1
1 0.0708 0.1667 0.0734 0.0875
1 0.1536 0.2427 0.0512 0.0604
1 0.2005 0.2333 0.0529 0.0708
1 0.1578 0.3792 0.0597 0.0625
1 0.4198 0.4781 0.0717 0.0854
1 0.4437 0.3969 0.0512 0.0896
1 0.4974 0.3333 0.0563 0.0875
1 0.5427 0.2437 0.0922 0.1042
1 0.3106 0.55 0.0648 0.0875
1 0.2184 0.8333 0.0785 0.1
1 0.186 0.7292 0.0717 0.1125
1 0.7551 0.3323 0.0392 0.0646
1 0.5956 0.1531 0.0478 0.0729
1 0.5375 0.0167 0.0546 0.0292
1 0.4531 0.0187 0.0631 0.0333
1 0.3933 0.0156 0.0427 0.0271
