1 0.0759 0.3781 0.029 0.0479
1 0.2125 0.1729 0.0631 0.05
1 0.4821 0.074 0.0495 0.0521
1 0.4172 0.1208 0.0427 0.0708
1 0.3626 0.1427 0.0392 0.0437
1 0.3294 0.0896 0.0375 0.05
1 0.2995 0.1177 0.0358 0.0354
1 0.3166 0.1906 0.0427 0.0479
1 0.2739 0.2427 0.0495 0.0688
1 0.2952 0.3854 0.0375 0.05
1 0.2585 0.3677 0.0392 0.0479
1 0.2807 0.4677 0.0563 0.0396
1 0.2765 0.5281 0.041 0.0437
1 0.4078 0.3906 0.0512 0.0437
1 0.3677 0.3812 0.0495 0.05
1 0.4454 0.4469 0.0614 0.0479
1 0.4053 0.5198 0.0222 0.0563
1 0.5307 0.3281 0.0341 0.0437
1 0.5742 0.45 0.0392 0.0667
1 0.6928 0.1521 0.0444 0.0708
1 0.134 0.7396 0.0529 0.0375
1 0.2159 0.7458 0.0392 0.0417
1 0.18 0.7198 0.0392 0.0437
1 0.0973 0.7812 0.041 0.0417
1 0.0367 0.8187 0.0495 0.0583
1 0.0828 0.2917 0.0529 0.0875
1 0.1775 0.3104 0.0546 0.0667
1 0.0717 0.2177 0.0614 0.0729
1 0.0469 0.1708 0.0461 0.0792
1 0.7287 0.7344 0.0375 0.0396
