2 0.0563 0.0691 0.0986 0.1037
2 0.1514 0.0407 0.075 0.0765
1 0.4403 0.0642 0.0833 0.1185
1 0.3069 0.0852 0.0861 0.1358
1 0.3715 0.1728 0.1153 0.1827
2 0.3563 0.4136 0.1069 0.1506
2 0.2646 0.5395 0.1264 0.1654
1 0.1632 0.1914 0.1097 0.1506
1 0.2208 0.2309 0.0833 0.1111
2 0.284 0.2568 0.0931 0.1136
2 0.2181 0.3407 0.0944 0.1679
2 0.1382 0.2988 0.1097 0.0938
2 0.0479 0.2926 0.0931 0.0963
2 0.0458 0.4012 0.0889 0.1605
2 0.0236 0.5481 0.0444 0.1333
2 0.0472 0.7012 0.0917 0.242
2 0.291 0.7346 0.1569 0.2543
2 0.4903 0.3099 0.0917 0.121
2 0.5535 0.1407 0.1208 0.0741
2 0.5667 0.2506 0.0944 0.1358
2 0.6229 0.3198 0.0903 0.1457
1 0.6778 0.2074 0.1167 0.1728
1 0.5951 0.458 0.1125 0.2691
1 0.5431 0.584 0.1722 0.1951
1 0.7208 0.5395 0.15 0.2395
0 0.4264 0.763 0.125 0.4198
2 0.5493 0.7716 0.1847 0.3383
2 0.7583 0.2099 0.0944 0.1383
0 0.7229 0.3654 0.1653 0.2123
2 0.8639 0.5432 0.1667 0.2222
1 0.9236 0.063 0.1139 0.121
2 0.8215 0.0654 0.0931 0.0815
2 0.9542 0.1556 0.0917 0.1432
1 0.1083 0.8605 0.2139 0.279
