2 0.1729 0.3407 0.1319 0.1185
1 0.15 0.1975 0.0917 0.163
1 0.216 0.221 0.1153 0.1753
1 0.0639 0.2938 0.125 0.163
1 0.3083 0.0728 0.1083 0.1407
0 0.2493 0.0617 0.0486 0.1185
0 0.3347 0.1741 0.0889 0.1901
2 0.5028 0.0272 0.0972 0.0494
2 0.4444 0.0642 0.1028 0.1086
1 0.4 0.1654 0.0861 0.1136
1 0.5139 0.1185 0.1056 0.1333
2 0.4694 0.2099 0.0778 0.0988
0 0.6687 0.0963 0.1375 0.1235
0 0.7111 0.1667 0.0972 0.1259
1 0.8146 0.0889 0.1181 0.1728
1 0.9417 0.1753 0.1167 0.2272
1 0.8792 0.2716 0.1306 0.1975
1 0.7493 0.3099 0.1569 0.2247
1 0.8618 0.4642 0.1819 0.2617
1 0.3563 0.3111 0.1375 0.2617
1 0.4736 0.3543 0.1611 0.2296
1 0.4444 0.5037 0.1861 0.3062
1 0.3639 0.6494 0.1889 0.2963
1 0.3049 0.8432 0.2347 0.3086
1 0.1354 0.9086 0.2514 0.1827
2 0.2389 0.7395 0.1444 0.1951
2 0.6111 0.8963 0.2806 0.2074
