0 0.3132 0.7099 0.1153 0.2148
0 0.7722 0.7963 0.4444 0.4074
0 0.4194 0.8173 0.3611 0.3654
1 0.9583 0.5765 0.0833 0.2889
1 0.8069 0.563 0.2194 0.2765
2 0.5743 0.5765 0.2153 0.2395
2 0.7229 0.2333 0.1292 0.1457
2 0.8611 0.2136 0.1556 0.1802
2 0.9069 0.142 0.1472 0.1556
0 0.9361 0.0543 0.1278 0.1037
2 0.8299 0.0457 0.1153 0.0864
2 0.625 0.0407 0.1 0.0765
2 0.5764 0.2173 0.125 0.1383
2 0.0208 0.8864 0.0389 0.2272
2 0.2229 0.4012 0.1236 0.1753
0 0.366 0.3568 0.2181 0.2346
1 0.3854 0.279 0.1292 0.1432
1 0.5403 0.3679 0.1556 0.2074
2 0.4889 0.1309 0.1139 0.1383
2 0.3764 0.1716 0.1194 0.116
2 0.3979 0.0296 0.0903 0.0543
2 0.3861 0.0877 0.0972 0.0765
0 0.2604 0.1481 0.1625 0.1284
0 0.2236 0.0765 0.0861 0.0889
0 0.1299 0.1988 0.0875 0.1852
2 0.0424 0.1951 0.0819 0.1185
0 0.6799 0.7333 0.2514 0.242
