1 0.2875 0.1358 0.0694 0.0889
1 0.7111 0.0827 0.1167 0.1605
1 0.45 0.037 0.0639 0.0691
2 0.4861 0.0481 0.0722 0.0914
2 0.6181 0.1025 0.0861 0.1111
2 0.5236 0.1346 0.0833 0.0914
1 0.5576 0.0321 0.0875 0.0593
0 0.5653 0.0642 0.1583 0.1037
0 0.8576 0.1716 0.1264 0.2
0 0.9604 0.2086 0.0792 0.1901
0 0.7556 0.2247 0.1611 0.1728
0 0.7021 0.321 0.1264 0.2025
0 0.3861 0.4802 0.2722 0.2444
1 0.4278 0.1765 0.0833 0.121
1 0.3187 0.2346 0.0958 0.1284
1 0.1479 0.4247 0.0986 0.1531
2 0.2153 0.3469 0.075 0.1506
0 0.0403 0.3469 0.0778 0.0963
2 0.0299 0.4519 0.0569 0.1284
2 0.0646 0.5506 0.1236 0.1185
0 0.0611 0.6432 0.1194 0.1358
0 0.0646 0.7074 0.1236 0.2148
1 0.1868 0.5852 0.1431 0.2222
1 0.1819 0.8136 0.1361 0.2494
1 0.0743 0.9 0.1458 0.2
