0 0.3736 0.3321 0.1083 0.0864
2 0.4028 0.4519 0.1222 0.1284
0 0.384 0.5877 0.0597 0.1827
0 0.4479 0.5963 0.0708 0.2543
2 0.3521 0.663 0.1153 0.2049
2 0.2326 0.7889 0.1264 0.2296
2 0.1174 0.8099 0.1181 0.2025
2 0.3917 0.8259 0.1167 0.2
2 0.4917 0.879 0.15 0.2321
2 0.5396 0.6765 0.1319 0.1827
1 0.5375 0.5235 0.1222 0.1778
3 0.609 0.3556 0.1625 0.158
3 0.8764 0.2889 0.1722 0.1679
2 0.6375 0.2296 0.0972 0.1284
2 0.7444 0.221 0.0972 0.1358
2 0.666 0.7667 0.1653 0.2642
1 0.7486 0.6432 0.1806 0.279
1 0.8222 0.863 0.2333 0.2741
0 0.8819 0.7259 0.2361 0.2025
1 0.9667 0.5148 0.0667 0.2543
