2 0.7847 0.1383 0.0528 0.079
2 0.8285 0.1346 0.0625 0.0667
2 0.8493 0.0938 0.0625 0.0494
1 0.8597 0.0519 0.0583 0.0741
1 0.9333 0.0259 0.0722 0.0469
1 0.9118 0.0926 0.0708 0.0914
1 0.9833 0.0827 0.0333 0.121
2 0.9229 0.1543 0.0653 0.1012
2 0.841 0.2025 0.0681 0.0988
2 0.8597 0.3 0.075 0.0864
2 0.7236 0.1136 0.0611 0.079
2 0.7153 0.1704 0.0528 0.0938
2 0.6618 0.1951 0.0625 0.0741
2 0.5799 0.0605 0.0569 0.0716
2 0.4465 0.0864 0.0569 0.0741
2 0.5403 0.1691 0.0694 0.0716
2 0.484 0.1951 0.0597 0.0691
1 0.7847 0.3136 0.0611 0.1086
1 0.8132 0.3778 0.0792 0.1333
1 0.709 0.3259 0.0625 0.0889
0 0.7104 0.3963 0.1125 0.1556
0 0.6542 0.4272 0.125 0.1481
2 0.6347 0.3457 0.075 0.079
1 0.6062 0.2938 0.0681 0.0988
1 0.5375 0.279 0.0583 0.0988
0 0.5604 0.337 0.0403 0.1407
0 0.4972 0.3012 0.0472 0.1086
2 0.4667 0.3395 0.0694 0.0914
0 0.4236 0.2123 0.0972 0.084
0 0.3681 0.2444 0.0667 0.1086
2 0.291 0.179 0.0542 0.0667
2 0.2292 0.3148 0.0667 0.0765
1 0.3354 0.4309 0.0708 0.1111
2 0.3007 0.358 0.0653 0.084
2 0.266 0.4506 0.0875 0.1012
2 0.4694 0.5543 0.075 0.1062
0 0.3319 0.5099 0.0778 0.0815
0 0.2722 0.5086 0.0833 0.1136
0 0.3757 0.5049 0.0569 0.1852
0 0.25 0.6432 0.0833 0.1654
0 0.2993 0.7605 0.0819 0.2469
1 0.675 0.5321 0.0806 0.121
3 0.9007 0.3852 0.1014 0.1531
1 0.9597 0.3395 0.0806 0.1309
1 0.9451 0.5914 0.0986 0.1506
2 0.9118 0.5568 0.0681 0.1407
2 0.6097 0.779 0.1028 0.1704
