1 0.5236 0.0728 0.1139 0.1358
1 0.2882 0.3025 0.1431 0.1852
1 0.1153 0.5951 0.225 0.321
1 0.0375 0.2568 0.0722 0.1975
2 0.1187 0.2802 0.1347 0.1506
2 0.275 0.4938 0.1472 0.1975
2 0.1313 0.7741 0.2264 0.2889
2 0.4174 0.3346 0.1347 0.1802
2 0.4639 0.1963 0.1333 0.1457
2 0.5167 0.479 0.2444 0.1975
2 0.6243 0.3432 0.1764 0.2519
2 0.6243 0.1519 0.1347 0.1753
2 0.7146 0.0926 0.1014 0.1062
2 0.9153 0.063 0.1694 0.121
1 0.834 0.1494 0.1986 0.2049
1 0.7986 0.3802 0.2306 0.3506
1 0.4625 0.6531 0.1889 0.2988
1 0.3153 0.7963 0.2472 0.4074
1 0.9201 0.7432 0.1597 0.5136
2 0.8708 0.8778 0.0806 0.2444
