1 0.1201 0.1136 0.0625 0.084
0 0.9292 0.516 0.1167 0.3358
0 0.909 0.284 0.0903 0.1086
2 0.9639 0.3346 0.0722 0.1704
2 0.9646 0.4815 0.0708 0.1877
1 0.7243 0.1 0.0847 0.1111
1 0.709 0.163 0.0792 0.0938
1 0.9181 0.1988 0.1389 0.1358
1 0.7868 0.2 0.1042 0.1235
0 0.7076 0.2321 0.1347 0.1432
1 0.8201 0.3642 0.1125 0.1951
1 0.7035 0.3222 0.0986 0.1852
0 0.6097 0.2642 0.0972 0.1531
0 0.6493 0.3383 0.0847 0.1926
1 0.434 0.0938 0.0847 0.1432
1 0.3688 0.1605 0.0736 0.0988
1 0.2146 0.1062 0.0819 0.1037
2 0.5806 0.0395 0.0972 0.0741
1 0.0597 0.2296 0.0861 0.1383
2 0.4014 0.2309 0.0917 0.1457
2 0.4243 0.3494 0.1014 0.1654
2 0.3208 0.3407 0.1 0.1235
1 0.2319 0.2704 0.1083 0.1802
1 0.1264 0.3975 0.1222 0.1679
0 0.8007 0.5753 0.1153 0.3506
0 0.7229 0.4975 0.2819 0.2
1 0.4604 0.5407 0.1375 0.2074
2 0.5903 0.7802 0.1889 0.2815
0 0.6139 0.7123 0.3222 0.3333
0 0.7965 0.9074 0.4042 0.1852
0 0.3215 0.4222 0.1264 0.1383
0 0.1688 0.4654 0.1708 0.2198
0 0.0396 0.5123 0.0764 0.2691
0 0.1028 0.7111 0.1278 0.1926
0 0.2208 0.8728 0.2389 0.2494
0 0.3757 0.7753 0.1236 0.4444
0 0.3042 0.8235 0.175 0.3531
1 0.1382 0.937 0.1708 0.1259
2 0.3028 0.2506 0.0694 0.0815
2 0.1222 0.1975 0.0694 0.1333
