2 0.9653 0.6444 0.0694 0.1926
1 0.6708 0.8593 0.2194 0.2815
1 0.7097 0.6926 0.1583 0.2691
1 0.5889 0.5457 0.1972 0.3062
1 0.2194 0.842 0.2583 0.316
0 0.8826 0.7395 0.2347 0.2642
2 0.9174 0.4012 0.1486 0.1358
2 0.7028 0.2877 0.1056 0.1111
2 0.7625 0.1963 0.1083 0.1407
0 0.7312 0.1407 0.1097 0.0741
0 0.6194 0.2605 0.1389 0.2247
0 0.5201 0.1988 0.1236 0.1654
0 0.3021 0.6617 0.2375 0.1975
2 0.3611 0.6877 0.1444 0.1951
0 0.3236 0.5296 0.1972 0.1407
0 0.3785 0.4111 0.1736 0.1901
0 0.3917 0.2728 0.0889 0.1654
1 0.8653 0.2901 0.1694 0.2148
1 0.9792 0.1198 0.0417 0.1309
1 0.7826 0.0827 0.1069 0.121
1 0.6111 0.1556 0.0861 0.1531
1 0.5528 0.0926 0.1 0.1605
1 0.6569 0.0778 0.0861 0.1309
1 0.3618 0.1728 0.0792 0.1185
2 0.3972 0.063 0.075 0.121
2 0.2715 0.4272 0.1264 0.163
0 0.1042 0.5605 0.2 0.3259
1 0.0451 0.3543 0.0875 0.1852
1 0.1056 0.2864 0.0722 0.1432
0 0.0924 0.4407 0.1819 0.3432
0 0.2271 0.2593 0.0792 0.1778
0 0.2847 0.2062 0.0833 0.1951
