0 0.8549 0.0284 0.1486 0.0519
1 0.0361 0.163 0.0667 0.1086
0 0.0875 0.0852 0.0806 0.1457
1 0.15 0.0765 0.1056 0.1284
1 0.0833 0.2235 0.1222 0.1358
2 0.1806 0.1321 0.1028 0.0864
2 0.1472 0.3272 0.1361 0.1901
0 0.0431 0.4284 0.0778 0.2691
1 0.275 0.0802 0.0944 0.1556
2 0.3604 0.0852 0.1014 0.1062
1 0.4389 0.121 0.1222 0.2074
1 0.6979 0.1259 0.1819 0.242
1 0.5014 0.2543 0.15 0.2123
0 0.5694 0.1235 0.1389 0.2272
0 0.6194 0.3432 0.225 0.2568
2 0.5819 0.4617 0.1917 0.2963
2 0.6375 0.7975 0.2667 0.4049
0 0.8444 0.4222 0.175 0.5185
0 0.8215 0.7864 0.2181 0.4074
1 0.9167 0.3667 0.1667 0.3975
1 0.7653 0.9037 0.3222 0.1926
