3 0.3771 0.2543 0.0903 0.0988
0 0.3333 0.3481 0.0722 0.1284
0 0.241 0.5111 0.0931 0.2914
0 0.4014 0.4296 0.2139 0.1728
2 0.1181 0.4296 0.1278 0.0988
2 0.109 0.5272 0.1458 0.1358
2 0.0701 0.7642 0.1375 0.2494
1 0.0771 0.9235 0.1514 0.1531
2 0.5083 0.2247 0.1 0.1185
2 0.5208 0.3309 0.1111 0.1136
2 0.5458 0.4543 0.1389 0.1531
2 0.6799 0.3988 0.1486 0.1605
2 0.6396 0.0691 0.0653 0.1037
2 0.7132 0.0543 0.0764 0.084
2 0.7896 0.2222 0.1125 0.1185
0 0.816 0.1432 0.1153 0.084
2 0.9833 0.2 0.0333 0.1185
2 0.8556 0.058 0.0944 0.1062
0 0.6208 0.7778 0.3028 0.3062
1 0.6458 0.6494 0.1722 0.2568
2 0.4215 0.8395 0.1875 0.3062
2 0.825 0.5235 0.1722 0.2025
2 0.9736 0.5136 0.0528 0.2074
1 0.8819 0.8074 0.2306 0.3852
0 0.5215 0.7296 0.0958 0.3037
