0 0.3271 0.5247 0.0792 0.2346
0 0.6958 0.8432 0.2306 0.3136
0 0.8111 0.8247 0.25 0.3506
0 0.8576 0.6074 0.2847 0.237
0 0.4958 0.4383 0.1417 0.2247
0 0.5653 0.4284 0.1083 0.1259
0 0.634 0.5815 0.1681 0.3185
0 0.9299 0.4123 0.1403 0.2519
0 0.7715 0.4852 0.1792 0.2741
0 0.4201 0.5259 0.1986 0.2765
0 0.5951 0.3543 0.1319 0.1901
0 0.4486 0.1938 0.1139 0.116
0 0.4722 0.2765 0.1694 0.2025
0 0.5972 0.2012 0.1278 0.1012
0 0.7924 0.2469 0.2431 0.1383
0 0.7486 0.1765 0.2056 0.116
1 0.6264 0.1074 0.0889 0.1407
0 0.7312 0.058 0.1236 0.1111
1 0.8354 0.0877 0.1125 0.1605
1 0.9292 0.9 0.1417 0.2
