1 0.8417 0.358 0.1333 0.1926
0 0.9 0.1827 0.1306 0.1827
0 0.9389 0.258 0.1222 0.1407
0 0.4562 0.821 0.0958 0.358
0 0.5424 0.7506 0.1653 0.2765
0 0.5451 0.8605 0.1819 0.279
0 0.6833 0.8728 0.1583 0.2049
0 0.816 0.858 0.2097 0.2444
0 0.8604 0.758 0.2486 0.2716
0 0.9451 0.5951 0.1097 0.163
0 0.9181 0.4877 0.1639 0.1654
0 0.6792 0.6852 0.1861 0.2
0 0.6049 0.6222 0.1264 0.1432
0 0.6104 0.5123 0.1319 0.1951
0 0.6986 0.516 0.0917 0.2074
0 0.7583 0.4914 0.0972 0.2074
0 0.8292 0.458 0.1 0.121
0 0.591 0.3395 0.1347 0.116
