1 0.1201 0.6975 0.1597 0.2988
1 0.2201 0.621 0.1514 0.2099
1 0.2472 0.8136 0.2 0.3728
0 0.0417 0.7877 0.075 0.4247
1 0.2424 0.4444 0.0792 0.1333
0 0.3035 0.4136 0.0625 0.1062
1 0.2451 0.3025 0.0875 0.1457
0 0.3194 0.2642 0.0722 0.0938
1 0.3229 0.1975 0.0764 0.0889
1 0.2368 0.1444 0.0736 0.1309
1 0.4299 0.7802 0.2403 0.4395
1 0.4632 0.1333 0.0597 0.1432
1 0.5083 0.1827 0.1111 0.1333
1 0.5472 0.0679 0.1139 0.1309
2 0.5354 0.2914 0.1375 0.1185
1 0.6271 0.1679 0.1181 0.2025
1 0.5757 0.4988 0.2069 0.321
1 0.6431 0.7247 0.25 0.4272
1 0.7875 0.2815 0.2139 0.1679
0 0.7944 0.6309 0.2444 0.6543
2 0.8632 0.4716 0.1125 0.2568
1 0.8396 0.0741 0.1597 0.1432
0 0.9118 0.1074 0.1375 0.2099
2 0.9618 0.1222 0.0764 0.2247
1 0.9611 0.4407 0.0778 0.363
