2 0.9549 0.6383 0.0903 0.2593
0 0.5056 0.7481 0.2194 0.3506
1 0.4354 0.8123 0.2347 0.3753
1 0.9743 0.2988 0.0514 0.2321
1 0.8625 0.3704 0.1917 0.2963
1 0.041 0.8136 0.0792 0.3432
1 0.1597 0.8593 0.2194 0.2815
0 0.3701 0.358 0.1792 0.1185
0 0.2 0.4704 0.1083 0.3827
1 0.2979 0.4543 0.1458 0.2617
1 0.3958 0.2407 0.1333 0.1556
2 0.475 0.0765 0.1028 0.1037
0 0.5785 0.0605 0.1208 0.116
0 0.6819 0.0444 0.0833 0.079
1 0.6799 0.2062 0.1347 0.1852
1 0.8514 0.1259 0.1722 0.242
2 0.0403 0.5395 0.0778 0.2346
2 0.0833 0.3691 0.1361 0.1556
1 0.2583 0.1235 0.0833 0.1481
