1 0.4264 0.1296 0.0889 0.121
2 0.8424 0.2802 0.1319 0.1901
2 0.9465 0.4333 0.1069 0.2198
2 0.816 0.4654 0.1486 0.1556
2 0.7444 0.3481 0.075 0.1333
1 0.7069 0.084 0.0944 0.1432
1 0.7757 0.1148 0.1097 0.1654
1 0.7208 0.2358 0.0861 0.0914
1 0.6062 0.2136 0.0931 0.1062
1 0.5687 0.1173 0.0819 0.1358
1 0.4951 0.2099 0.1069 0.1481
1 0.6799 0.4222 0.1875 0.2963
1 0.6243 0.6198 0.1736 0.2765
1 0.3465 0.2531 0.0847 0.1111
1 0.209 0.2321 0.0764 0.0938
1 0.2368 0.3309 0.0875 0.1481
2 0.0556 0.3802 0.1083 0.1235
2 0.2424 0.2531 0.0764 0.0617
2 0.4153 0.2148 0.075 0.1136
2 0.3951 0.3556 0.0931 0.1679
1 0.3333 0.4111 0.0972 0.1901
1 0.1812 0.4642 0.1208 0.1432
1 0.2278 0.7333 0.1639 0.2765
1 0.2222 0.9012 0.1667 0.1975
0 0.5215 0.2901 0.1153 0.1605
0 0.4688 0.4049 0.0708 0.158
0 0.2687 0.421 0.0736 0.1901
0 0.2028 0.5741 0.0889 0.1802
0 0.2965 0.6 0.1069 0.0988
2 0.1194 0.6309 0.1139 0.2049
2 0.0389 0.842 0.075 0.1778
2 0.4118 0.7494 0.1319 0.2099
0 0.3278 0.8506 0.1056 0.2988
0 0.4646 0.616 0.1875 0.1358
0 0.7521 0.663 0.2014 0.3383
0 0.909 0.6358 0.1764 0.2691
0 0.4903 0.8395 0.1306 0.321
0 0.8014 0.9025 0.3306 0.1951
0 0.5847 0.8827 0.1056 0.2346
