0 0.4958 0.8741 0.0639 0.1679
2 0.5201 0.7457 0.0653 0.0938
2 0.7653 0.8691 0.0417 0.0889
1 0.7931 0.9025 0.0667 0.121
1 0.5604 0.921 0.0708 0.1235
0 0.5924 0.7691 0.0847 0.1654
2 0.9583 0.6235 0.0778 0.1259
1 0.9563 0.5407 0.0681 0.1086
2 0.9604 0.4667 0.0542 0.0741
1 0.9722 0.4222 0.0556 0.0691
1 0.7958 0.6346 0.0694 0.1136
3 0.7493 0.7012 0.0986 0.1481
2 0.866 0.6049 0.0736 0.0889
2 0.8347 0.4951 0.05 0.0716
2 0.9062 0.3741 0.0569 0.0519
2 0.9222 0.4395 0.05 0.079
2 0.7597 0.4642 0.05 0.0741
2 0.7792 0.4247 0.0361 0.079
2 0.7118 0.6383 0.0597 0.1012
2 0.6917 0.5457 0.0556 0.0938
2 0.5347 0.5765 0.0528 0.0716
2 0.5785 0.5346 0.0597 0.0914
2 0.6444 0.4926 0.0472 0.0765
2 0.6771 0.4765 0.0458 0.0642
2 0.691 0.4272 0.0542 0.0444
1 0.7444 0.4049 0.0417 0.0691
1 0.7007 0.3827 0.0486 0.0741
1 0.8208 0.3963 0.0528 0.0914
1 0.8167 0.316 0.0472 0.0691
1 0.7826 0.3457 0.0514 0.084
1 0.7514 0.3346 0.0472 0.0815
1 0.6785 0.7272 0.0708 0.1259
1 0.6444 0.6704 0.0611 0.1062
1 0.584 0.6963 0.0514 0.084
1 0.4868 0.6963 0.0597 0.0988
1 0.4222 0.6926 0.0556 0.0815
0 0.4306 0.7593 0.075 0.1358
2 0.3632 0.7741 0.0681 0.0963
2 0.6299 0.2815 0.0431 0.0642
2 0.5813 0.3025 0.0403 0.0716
2 0.5472 0.4185 0.0472 0.0765
2 0.4618 0.4654 0.0514 0.0716
2 0.4243 0.5877 0.0569 0.079
2 0.3778 0.6247 0.0528 0.079
2 0.3424 0.5173 0.0542 0.0815
0 0.3153 0.6543 0.0889 0.1136
0 0.2542 0.7321 0.0417 0.1407
0 0.2083 0.9667 0.0722 0.0667
1 0.241 0.9086 0.0847 0.1136
2 0.1889 0.7852 0.0694 0.0691
2 0.2104 0.8531 0.0792 0.1012
