2 0.2896 0.2407 0.1264 0.0864
1 0.3424 0.3012 0.0903 0.1235
0 0.2236 0.4272 0.2194 0.2815
0 0.2736 0.4938 0.1306 0.2519
0 0.3583 0.4679 0.125 0.2741
0 0.3889 0.1469 0.0778 0.1556
0 0.4882 0.0728 0.1403 0.1259
2 0.5958 0.0679 0.0972 0.1012
2 0.5597 0.216 0.1194 0.1605
1 0.6889 0.1173 0.1028 0.121
2 0.6896 0.0358 0.1014 0.0667
0 0.6215 0.1605 0.0653 0.1185
0 0.6854 0.2037 0.1403 0.1654
2 0.5486 0.5321 0.1694 0.2049
1 0.8208 0.1358 0.125 0.158
2 0.916 0.0481 0.1375 0.0914
2 0.8924 0.2247 0.1542 0.1235
0 0.7826 0.3531 0.1014 0.1333
0 0.8903 0.3691 0.2194 0.3185
0 0.1049 0.6494 0.1014 0.2667
0 0.1333 0.8321 0.2278 0.3358
1 0.9722 0.5012 0.0556 0.242
2 0.2792 0.1519 0.0944 0.0914
