0 0.734 0.0531 0.0903 0.1012
0 0.9278 0.2074 0.1444 0.3802
2 0.7958 0.1481 0.1778 0.2123
1 0.6597 0.3358 0.25 0.3901
0 0.7639 0.3247 0.1833 0.4667
1 0.5611 0.1815 0.2056 0.3432
0 0.4639 0.2284 0.1 0.279
0 0.4076 0.0975 0.0764 0.1901
1 0.3014 0.037 0.0972 0.0691
2 0.3153 0.1444 0.1361 0.1951
0 0.3569 0.4049 0.1389 0.2568
2 0.2583 0.3531 0.1528 0.2222
1 0.1799 0.5556 0.2708 0.4988
1 0.0507 0.563 0.0986 0.4444
2 0.1417 0.7951 0.2111 0.2963
0 0.334 0.7198 0.2125 0.358
0 0.5521 0.6605 0.3653 0.4123
0 0.6868 0.7802 0.5208 0.4395
0 0.2153 0.9432 0.3333 0.1136
