2 0.0278 0.4691 0.0528 0.1185
2 0.4646 0.1074 0.0847 0.0864
2 0.4076 0.0951 0.0681 0.116
2 0.1625 0.2481 0.0889 0.116
0 0.4417 0.2617 0.1167 0.0938
2 0.5382 0.179 0.0903 0.116
2 0.309 0.3617 0.1014 0.1407
2 0.0979 0.4667 0.1153 0.1333
2 0.0799 0.6568 0.1292 0.2074
2 0.1583 0.763 0.1222 0.2321
2 0.2715 0.8025 0.1542 0.2667
2 0.4139 0.6889 0.1333 0.2469
2 0.4542 0.8975 0.1444 0.2049
2 0.5563 0.9444 0.1792 0.1111
2 0.4785 0.4506 0.1264 0.1556
2 0.6257 0.8049 0.1486 0.2222
2 0.7417 0.8951 0.1722 0.2099
0 0.5188 0.6877 0.0736 0.2938
0 0.4653 0.6025 0.0972 0.237
1 0.6201 0.6049 0.1458 0.2173
3 0.709 0.4012 0.1792 0.1951
3 0.9556 0.421 0.0889 0.1753
1 0.8715 0.8457 0.2431 0.3086
2 0.8639 0.3025 0.1028 0.1457
2 0.7389 0.2593 0.1 0.1383
