1 0.063 0.2065 0.0302 0.0407
1 0.7245 0.8116 0.0906 0.1639
1 0.9641 0.5088 0.0625 0.0861
1 0.7971 0.0347 0.0443 0.0676
1 0.751 0.1278 0.0333 0.0463
1 0.6964 0.1491 0.0385 0.0537
1 0.5711 0.2792 0.0443 0.0565
1 0.5987 0.2116 0.0526 0.0954
1 0.5612 0.1583 0.0359 0.05
1 0.4669 0.4407 0.0484 0.0889
1 0.0859 0.4792 0.0604 0.062
1 0.2456 0.1463 0.0318 0.0444
1 0.2771 0.0676 0.0292 0.0481
0 0.7216 0.606 0.1557 0.2583
3 0.15 0.0963 0.0406 0.063
3 0.525 0.2343 0.0688 0.0926
3 0.8542 0.6199 0.1146 0.1861
