0 0.6062 0.1838 0.0583 0.062
3 0.4779 0.5167 0.062 0.113
1 0.0943 0.7787 0.024 0.0519
1 0.4891 0.2204 0.026 0.0315
1 0.5125 0.1977 0.0281 0.038
1 0.4914 0.2787 0.0297 0.037
1 0.3961 0.3653 0.0276 0.0528
1 0.5216 0.3287 0.0255 0.0463
1 0.5758 0.1449 0.0266 0.038
1 0.643 0.244 0.0307 0.038
1 0.6839 0.2667 0.0344 0.0556
1 0.7302 0.2667 0.0333 0.0426
1 0.4542 0.4815 0.0354 0.0593
1 0.2648 0.6176 0.0255 0.05
1 0.2599 0.681 0.0312 0.0417
1 0.2081 0.7736 0.0234 0.0417
1 0.3956 0.6616 0.0297 0.0472
1 0.2565 0.9042 0.0464 0.075
1 0.3102 0.9528 0.0391 0.0593
1 0.3466 0.9241 0.0318 0.0611
1 0.4029 0.8852 0.0359 0.0611
1 0.5815 0.5648 0.0307 0.0481
