1 0.4964 0.5745 0.0479 0.0713
1 0.5602 0.4176 0.0422 0.0574
1 0.5529 0.4606 0.0443 0.0565
1 0.6003 0.4398 0.0599 0.0815
1 0.6333 0.4824 0.0625 0.1037
1 0.7281 0.4995 0.0458 0.0491
1 0.6255 0.6523 0.0948 0.1306
1 0.5161 0.7079 0.0563 0.0824
1 0.424 0.9153 0.0677 0.1343
1 0.3096 0.5519 0.0505 0.0537
3 0.4833 0.4722 0.0708 0.0667
3 0.5638 0.5301 0.0932 0.1157
3 0.5198 0.6347 0.074 0.0991
3 0.594 0.606 0.0786 0.1046
3 0.6615 0.5722 0.0698 0.063
3 0.5646 0.7894 0.1083 0.1435
3 0.4201 0.8269 0.0724 0.0796
3 0.499 0.8977 0.0979 0.1991
