3 0.5229 0.4292 0.076 0.112
1 0.0951 0.5546 0.0255 0.0315
1 0.0898 0.6292 0.0297 0.0472
1 0.2701 0.4866 0.0286 0.0528
1 0.2586 0.5759 0.0266 0.0463
1 0.2023 0.6722 0.0286 0.0481
1 0.043 0.9755 0.0464 0.0491
1 0.2422 0.8699 0.0594 0.1009
1 0.3042 0.9574 0.0563 0.0852
1 0.3471 0.9361 0.0391 0.0741
1 0.4172 0.9162 0.05 0.0861
1 0.4164 0.5917 0.0349 0.063
1 0.6565 0.5435 0.0474 0.0741
1 0.4961 0.3745 0.0464 0.0731
1 0.4336 0.2051 0.038 0.0657
1 0.5484 0.1181 0.0292 0.0583
1 0.5479 0.0394 0.0281 0.0361
1 0.5781 0.025 0.0323 0.0481
1 0.5846 0.1958 0.0307 0.0509
1 0.7477 0.112 0.0339 0.0463
1 0.8047 0.1565 0.0521 0.0704
1 0.8656 0.1634 0.0437 0.0602
0 0.6943 0.0296 0.0781 0.0574
