1 0.7383 0.4218 0.0286 0.0398
1 0.7268 0.5616 0.0359 0.0472
3 0.1141 0.5662 0.0875 0.0806
3 0.3555 0.7958 0.0536 0.0602
1 0.0773 0.8815 0.0526 0.0759
1 0.3784 0.8606 0.0391 0.0583
1 0.5885 0.9222 0.0396 0.05
1 0.5315 0.7472 0.0307 0.0537
1 0.6013 0.7315 0.0422 0.0704
1 0.6846 0.7208 0.037 0.0528
1 0.6687 0.6861 0.0354 0.0463
1 0.8435 0.6375 0.0318 0.0491
1 0.6068 0.5509 0.0281 0.0444
1 0.7992 0.4444 0.0286 0.0389
1 0.2112 0.6903 0.0339 0.0398
1 0.2562 0.5829 0.0281 0.038
1 0.4143 0.2556 0.0286 0.0333
1 0.5841 0.3468 0.0255 0.0435
1 0.6102 0.2995 0.0255 0.0343
