3 0.2193 0.1 0.0583 0.0556
0 0.8089 0.9657 0.101 0.0685
0 0.2227 0.9556 0.1547 0.0889
0 0.556 0.3037 0.088 0.087
1 0.376 0.3014 0.0312 0.0398
1 0.394 0.1153 0.0328 0.0676
1 0.6432 0.1569 0.0344 0.0491
3 0.726 0.1616 0.0594 0.075
3 0.9729 0.8532 0.0542 0.138
3 0.2419 0.5796 0.0724 0.1019
1 0.2823 0.2954 0.0437 0.0833
1 0.7052 0.2537 0.0448 0.0648
1 0.6326 0.5282 0.0516 0.0917
1 0.4805 0.6843 0.0526 0.0833
1 0.3096 0.7935 0.0484 0.0833
1 0.2664 0.8769 0.0557 0.0759
1 0.3469 0.8662 0.0542 0.0935
1 0.5552 0.881 0.049 0.0861
