3 0.9258 0.7472 0.0724 0.0759
0 0.4833 0.6542 0.1229 0.1769
0 0.6995 0.8755 0.1021 0.2491
1 0.2315 0.9667 0.0401 0.0667
1 0.5641 0.6106 0.0385 0.0472
1 0.8094 0.5722 0.0479 0.0593
1 0.981 0.6 0.038 0.0611
1 0.9247 0.5704 0.038 0.0574
1 0.8617 0.5523 0.0276 0.0417
1 0.8531 0.5056 0.0271 0.05
1 0.5995 0.312 0.0385 0.0685
1 0.1982 0.5856 0.0526 0.0787
1 0.2362 0.4222 0.0328 0.0537
1 0.3911 0.2421 0.0344 0.0546
1 0.3914 0.1875 0.037 0.0583
1 0.3401 0.219 0.0396 0.0546
1 0.3258 0.1546 0.0286 0.0426
1 0.2812 0.175 0.0292 0.05
