1 0.9698 0.3509 0.0396 0.0537
1 0.7911 0.1931 0.0312 0.0435
1 0.2815 0.3486 0.0297 0.0435
1 0.3271 0.3903 0.0302 0.0528
1 0.1237 0.4505 0.0432 0.0639
1 0.1109 0.5926 0.0333 0.05
1 0.4935 0.5375 0.0255 0.0528
1 0.5266 0.5106 0.0375 0.0528
1 0.6818 0.3676 0.0271 0.0481
1 0.7201 0.3134 0.0349 0.0417
1 0.7643 0.2972 0.0339 0.0426
1 0.9143 0.5097 0.0307 0.0565
1 0.8802 0.7694 0.0333 0.0574
1 0.5474 0.9824 0.051 0.0352
0 0.4961 0.863 0.1516 0.187
3 0.35 0.5861 0.0542 0.0778
3 0.201 0.5264 0.0583 0.075
