3 0.1882 0.821 0.1181 0.1407
1 0.6882 0.9148 0.0847 0.116
1 0.725 0.784 0.0694 0.0716
1 0.6729 0.7235 0.0514 0.1037
1 0.7771 0.6741 0.0819 0.1235
1 0.7785 0.4679 0.0764 0.121
1 0.6965 0.5309 0.0625 0.1086
1 0.5611 0.8012 0.1139 0.121
1 0.4632 0.8543 0.0569 0.1037
1 0.4736 0.6654 0.0778 0.0963
1 0.3306 0.6667 0.0611 0.1136
1 0.2257 0.7037 0.0736 0.1185
1 0.2799 0.584 0.0736 0.1457
1 0.3604 0.4802 0.0764 0.1951
1 0.5604 0.2914 0.0653 0.1136
1 0.6944 0.2123 0.0694 0.0889
1 0.4139 0.142 0.0667 0.1111
1 0.3583 0.2383 0.0472 0.0716
1 0.1729 0.3728 0.0625 0.1037
1 0.1965 0.2543 0.0792 0.1136
1 0.2576 0.0877 0.0486 0.0716
