3 0.4757 0.4593 0.0875 0.0938
3 0.4326 0.5358 0.0875 0.1136
3 0.5833 0.321 0.0806 0.1037
3 0.8146 0.5889 0.0792 0.1309
3 0.8431 0.7469 0.0944 0.1605
3 0.8903 0.8667 0.1056 0.163
3 0.5764 0.642 0.0639 0.1086
1 0.7875 0.1543 0.0667 0.0765
1 0.4646 0.1259 0.0514 0.1086
1 0.391 0.7062 0.0847 0.1284
1 0.4819 0.7778 0.0639 0.1037
1 0.5007 0.558 0.0542 0.0938
1 0.6167 0.5346 0.0722 0.121
1 0.7542 0.5012 0.0556 0.084
2 0.8507 0.5605 0.0292 0.0642
2 0.2201 0.4988 0.0264 0.0543
2 0.441 0.263 0.0097 0.0272
1 0.6861 0.0802 0.0722 0.0864
1 0.3681 0.1025 0.0444 0.0815
3 0.1799 0.6975 0.0903 0.1259
