1 0.9785 0.6988 0.0431 0.079
1 0.75 0.284 0.05 0.0889
3 0.3931 0.3395 0.0639 0.0716
3 0.5208 0.4086 0.0833 0.1111
3 0.459 0.5111 0.0764 0.1086
3 0.5486 0.6284 0.0694 0.0914
3 0.6056 0.6321 0.0583 0.1185
3 0.6076 0.7309 0.0431 0.1086
3 0.641 0.784 0.0486 0.0963
3 0.7632 0.742 0.0653 0.1012
3 0.7847 0.8617 0.0694 0.1383
1 0.6958 0.9593 0.0667 0.0716
1 0.6229 0.9531 0.0903 0.0938
1 0.6389 0.8642 0.0639 0.1086
1 0.7056 0.8877 0.0667 0.121
1 0.85 0.4914 0.0389 0.0642
1 0.8111 0.6617 0.0389 0.084
1 0.7694 0.4852 0.0472 0.0667
1 0.6667 0.6531 0.0528 0.0667
1 0.5604 0.7593 0.0486 0.0716
1 0.6382 0.4852 0.0486 0.0815
1 0.5549 0.5407 0.0403 0.0642
1 0.4715 0.7556 0.0569 0.084
1 0.2194 0.6704 0.0611 0.0914
1 0.3604 0.458 0.0458 0.0617
1 0.15 0.2531 0.0556 0.0864
1 0.1792 0.1444 0.0556 0.0617
2 0.7076 0.7556 0.0181 0.0543
3 0.2847 0.9358 0.075 0.1284
3 0.5083 0.9222 0.0806 0.1556
3 0.4056 0.816 0.0667 0.1309
3 0.5944 0.8753 0.0556 0.0914
3 0.5479 0.963 0.0653 0.0741
