1 0.1229 0.2019 0.0406 0.0611
0 0.3372 0.8394 0.1453 0.2472
0 0.9253 0.9301 0.1495 0.1398
1 0.9771 0.8366 0.0458 0.088
1 0.8703 0.7255 0.0385 0.0546
1 0.8133 0.6722 0.0349 0.0537
1 0.7047 0.7162 0.0635 0.0657
1 0.7526 0.6787 0.0365 0.0519
1 0.749 0.6273 0.0281 0.0435
1 0.8641 0.437 0.0271 0.0407
1 0.4461 0.7634 0.0422 0.0565
1 0.2484 0.2981 0.0344 0.0537
1 0.4828 0.3912 0.0448 0.0676
1 0.2549 0.2338 0.038 0.0731
1 0.1737 0.1972 0.037 0.0648
1 0.1995 0.2722 0.0365 0.0759
1 0.043 0.5319 0.0401 0.0602
1 0.0083 0.7583 0.0156 0.0926
3 0.8266 0.937 0.0698 0.0981
