1 0.5898 0.4231 0.0224 0.0315
0 0.7831 0.9093 0.1474 0.0722
3 0.4143 0.4963 0.0557 0.0463
3 0.9419 0.9005 0.0599 0.0676
1 0.3812 0.3727 0.026 0.0306
1 0.3695 0.4093 0.0266 0.0315
1 0.4214 0.4236 0.026 0.0417
1 0.0703 0.5023 0.0427 0.0509
1 0.0263 0.6375 0.0349 0.0417
1 0.1276 0.7227 0.0354 0.0491
1 0.1169 0.8019 0.0422 0.0593
1 0.2201 0.7681 0.0391 0.062
1 0.3133 0.812 0.0349 0.0574
1 0.2841 0.6199 0.0349 0.0491
1 0.3284 0.5708 0.0245 0.0343
1 0.3797 0.6292 0.0323 0.0417
1 0.4341 0.6005 0.0318 0.038
1 0.5078 0.6449 0.0344 0.0491
1 0.5698 0.7366 0.0333 0.0546
1 0.8995 0.6727 0.051 0.0583
1 0.837 0.7468 0.0448 0.0602
1 0.8729 0.7907 0.0354 0.05
1 0.7508 0.7213 0.037 0.0463
1 0.7138 0.8213 0.0505 0.0593
1 0.6508 0.9727 0.0568 0.0546
