0 0.6742 0.5829 0.0599 0.1213
1 0.1044 0.4088 0.0214 0.0306
1 0.1198 0.5319 0.0312 0.0435
1 0.7427 0.2532 0.024 0.0306
1 0.5255 0.3301 0.0302 0.038
1 0.4523 0.3593 0.0214 0.0352
1 0.3422 0.2722 0.0312 0.0463
1 0.3141 0.3329 0.0344 0.0472
1 0.3253 0.4148 0.0224 0.0463
1 0.313 0.4384 0.0271 0.0491
1 0.2706 0.4685 0.038 0.0463
1 0.3784 0.6162 0.0359 0.0417
1 0.9609 0.5222 0.0437 0.0407
1 0.5456 0.4231 0.0453 0.0537
1 0.9786 0.6255 0.0427 0.0657
1 0.5049 0.6403 0.0401 0.0694
0 0.743 0.3824 0.0495 0.0815
0 0.6984 0.4162 0.0698 0.0639
0 0.193 0.9569 0.0661 0.0861
3 0.6695 0.9199 0.0464 0.0639
3 0.3406 0.6926 0.0302 0.0463
1 0.2445 0.3412 0.0245 0.0454
1 0.4247 0.1657 0.0286 0.0389
