3 0.6586 0.5523 0.0505 0.0509
3 0.4221 0.888 0.0693 0.1019
3 0.4898 0.8782 0.0734 0.0935
1 0.2336 0.3241 0.0339 0.0463
1 0.2667 0.3417 0.0271 0.0389
1 0.3909 0.4866 0.0255 0.0398
1 0.3081 0.481 0.0255 0.0454
1 0.0711 0.6005 0.0422 0.0583
1 0.0435 0.7005 0.0766 0.0806
1 0.1156 0.9194 0.0708 0.1111
1 0.3589 0.6046 0.0552 0.0648
1 0.6937 0.3667 0.024 0.0352
1 0.7193 0.4523 0.0302 0.0583
1 0.6818 0.6088 0.0406 0.0546
1 0.6401 0.6583 0.051 0.0833
1 0.5589 0.7162 0.0365 0.062
1 0.5633 0.7778 0.0349 0.063
