2 0.2562 0.4568 0.0403 0.0395
2 0.2382 0.5086 0.0431 0.0642
2 0.1792 0.5568 0.0389 0.042
2 0.5299 0.5988 0.0292 0.0617
2 0.4042 0.8494 0.0361 0.0741
1 0.6118 0.9432 0.0847 0.1136
1 0.5319 0.8543 0.0694 0.163
1 0.4674 0.9481 0.0847 0.1037
1 0.3444 0.8383 0.0833 0.1309
1 0.4208 0.7506 0.0778 0.1185
1 0.4944 0.7012 0.0528 0.1037
1 0.5951 0.6383 0.0542 0.0914
1 0.6312 0.5494 0.0486 0.0765
1 0.4771 0.5519 0.0431 0.1012
1 0.375 0.5235 0.0667 0.1037
1 0.4604 0.4642 0.0653 0.084
1 0.5146 0.1506 0.0403 0.0494
1 0.4493 0.2457 0.0597 0.0864
1 0.4368 0.3704 0.0597 0.0741
3 0.3438 0.3568 0.0819 0.1259
