1 0.6906 0.2713 0.0354 0.0519
1 0.8432 0.4292 0.0333 0.0454
1 0.7169 0.362 0.0318 0.0556
3 0.5276 0.3509 0.0427 0.0407
0 0.819 0.5755 0.0797 0.075
1 0.907 0.4681 0.0255 0.0417
1 0.9786 0.5653 0.0427 0.075
1 0.6789 0.3815 0.0328 0.0574
1 0.6615 0.5338 0.0281 0.0454
1 0.5797 0.5157 0.0333 0.0685
1 0.288 0.8852 0.0406 0.0593
1 0.5714 0.9509 0.0542 0.063
1 0.6044 0.9 0.0484 0.0759
1 0.907 0.7889 0.0599 0.0815
1 0.7526 0.8685 0.05 0.0815
1 0.6406 0.9681 0.049 0.0639
3 0.5445 0.7222 0.0693 0.1037
3 0.2542 0.5796 0.0604 0.0648
