1 0.1083 0.2901 0.0722 0.1012
1 0.0778 0.4173 0.0694 0.0988
1 0.191 0.116 0.0347 0.0889
1 0.2903 0.3012 0.0694 0.0938
1 0.3604 0.2049 0.0819 0.1185
1 0.2847 0.5901 0.0861 0.1778
1 0.1833 0.6889 0.0861 0.1432
1 0.2333 0.8 0.0861 0.1185
1 0.1118 0.8148 0.0931 0.1432
1 0.3931 0.8173 0.0917 0.1531
1 0.5028 0.3963 0.0694 0.121
1 0.6708 0.3148 0.0806 0.121
1 0.859 0.2605 0.0681 0.1309
1 0.741 0.6457 0.0958 0.1506
1 0.6403 0.7049 0.0917 0.1407
1 0.6076 0.9346 0.0819 0.1309
1 0.7174 0.8679 0.0931 0.1506
