2 0.3867 0.6606 0.0443 0.0713
3 0.6839 0.7449 0.049 0.0806
3 0.8969 0.6727 0.1135 0.1787
1 0.8992 0.1005 0.0359 0.0509
1 0.544 0.1602 0.0443 0.05
1 0.5927 0.3032 0.0396 0.0435
1 0.1667 0.2375 0.0271 0.0398
1 0.0872 0.2602 0.038 0.0407
1 0.0479 0.3505 0.0312 0.0454
1 0.0951 0.3319 0.0359 0.0509
1 0.1865 0.3106 0.0375 0.0639
1 0.2451 0.3389 0.0495 0.0778
1 0.3021 0.362 0.0323 0.0519
1 0.4271 0.3958 0.0385 0.0565
1 0.4643 0.4468 0.0443 0.0954
1 0.4945 0.4296 0.037 0.0611
1 0.3914 0.6079 0.0328 0.0528
1 0.4602 0.9171 0.0557 0.0917
1 0.6664 0.9685 0.062 0.063
1 0.8747 0.788 0.0557 0.0778
1 0.9643 0.7097 0.0672 0.1083
