1 0.607 0.213 0.0276 0.0389
1 0.4724 0.2792 0.0187 0.0324
1 0.7776 0.2255 0.0208 0.0306
1 0.8201 0.2046 0.0349 0.037
1 0.8753 0.2329 0.0276 0.0435
1 0.0195 0.4417 0.0328 0.05
1 0.3841 0.3602 0.0328 0.0407
1 0.369 0.2681 0.0339 0.0565
1 0.1919 0.4019 0.0359 0.0537
1 0.1036 0.7769 0.0437 0.0593
1 0.3651 0.5005 0.0302 0.0472
1 0.8531 0.4796 0.0354 0.0741
1 0.7945 0.4843 0.0391 0.0463
1 0.901 0.631 0.0552 0.0806
1 0.4674 0.694 0.0505 0.0676
1 0.6188 0.7968 0.075 0.1194
1 0.2687 0.9398 0.0469 0.0963
3 0.3281 0.7986 0.0854 0.1157
