3 0.0792 0.4173 0.0944 0.1481
3 0.4847 0.9506 0.0944 0.0988
3 0.7812 0.8667 0.0653 0.1728
3 0.8403 0.6802 0.0917 0.1358
3 0.8021 0.3235 0.0986 0.1481
3 0.3847 0.7235 0.0778 0.1235
3 0.341 0.5877 0.1014 0.1383
3 0.7222 0.4778 0.1028 0.1605
3 0.659 0.1951 0.0819 0.1284
3 0.4472 0.0864 0.0833 0.0988
3 0.2979 0.1444 0.0819 0.1062
1 0.609 0.3642 0.0625 0.1012
1 0.9785 0.5136 0.0431 0.1235
1 0.8611 0.5815 0.0556 0.0864
1 0.7194 0.8457 0.0861 0.1309
1 0.4299 0.6062 0.0792 0.1259
1 0.0458 0.8901 0.0889 0.1309
1 0.3799 0.0494 0.0819 0.0741
2 0.3056 0.6704 0.025 0.0469
2 0.5292 0.3691 0.0361 0.0519
2 0.6972 0.5593 0.0306 0.037
3 0.6389 0.8951 0.0806 0.1556
