2 0.2057 0.8917 0.0385 0.0444
2 0.2122 0.6134 0.0328 0.0509
0 0.8057 0.6662 0.0948 0.2287
0 0.543 0.738 0.1224 0.137
1 0.3646 0.5204 0.0312 0.0426
1 0.3479 0.5602 0.0271 0.0463
1 0.3372 0.6301 0.0182 0.0565
1 0.5419 0.3597 0.0349 0.062
1 0.5286 0.2463 0.0271 0.0556
1 0.5188 0.194 0.0271 0.0324
1 0.519 0.163 0.0203 0.0333
1 0.5953 0.1597 0.0198 0.0361
1 0.5846 0.1194 0.0172 0.0333
1 0.5698 0.0981 0.0229 0.0241
1 0.7849 0.1236 0.0208 0.0306
1 0.7409 0.1301 0.0245 0.0398
1 0.7852 0.0806 0.0193 0.037
1 0.7617 0.0718 0.0214 0.0269
1 0.743 0.0935 0.0193 0.0222
0 0.6846 0.113 0.0568 0.0407
