1 0.9586 0.8727 0.0547 0.0787
1 0.8505 0.8167 0.0615 0.0796
1 0.776 0.8056 0.051 0.0926
1 0.7477 0.7343 0.0505 0.0648
1 0.6846 0.6616 0.0484 0.075
1 0.6638 0.7713 0.0589 0.0667
1 0.6398 0.844 0.0589 0.0676
1 0.5737 0.8801 0.0589 0.0843
1 0.6047 0.7806 0.0531 0.0907
1 0.5716 0.7556 0.0411 0.0852
1 0.5154 0.6704 0.0307 0.0444
1 0.9273 0.3338 0.0307 0.0454
1 0.5117 0.519 0.0214 0.0417
1 0.1792 0.8005 0.0302 0.038
1 0.5565 0.2731 0.0318 0.0389
1 0.7763 0.1815 0.0255 0.037
1 0.657 0.1366 0.0286 0.0398
1 0.6268 0.1694 0.0307 0.0259
1 0.6146 0.2116 0.0229 0.0361
1 0.5484 0.9574 0.0354 0.0574
