1 0.8292 0.9338 0.0521 0.0713
1 0.7292 0.9699 0.0437 0.0602
1 0.976 0.788 0.0437 0.0574
1 0.9354 0.6963 0.0396 0.0537
1 0.9305 0.6556 0.0453 0.0556
1 0.8714 0.7069 0.049 0.0454
1 0.5591 0.8056 0.038 0.0574
1 0.4818 0.8884 0.0302 0.0565
1 0.3268 0.8736 0.0672 0.0935
1 0.4677 0.7657 0.0458 0.0648
1 0.1365 0.7458 0.0417 0.0435
1 0.4003 0.6361 0.0245 0.0463
1 0.4815 0.6134 0.037 0.0343
1 0.5312 0.5606 0.0333 0.0398
1 0.6167 0.5301 0.024 0.038
1 0.632 0.5532 0.0255 0.0324
1 0.6826 0.6241 0.0245 0.0407
1 0.669 0.5139 0.037 0.05
1 0.4393 0.5028 0.0224 0.0352
1 0.4036 0.4486 0.0385 0.0509
1 0.3466 0.4292 0.0286 0.038
1 0.3068 0.4319 0.026 0.0287
1 0.2669 0.5162 0.0224 0.0324
1 0.2388 0.4241 0.0297 0.0352
1 0.263 0.3954 0.0229 0.0352
1 0.1958 0.4972 0.0271 0.0407
1 0.1146 0.5093 0.0333 0.037
1 0.1187 0.4759 0.0271 0.037
0 0.5646 0.5884 0.0708 0.0435
0 0.5854 0.9227 0.1187 0.1083
3 0.2385 0.6417 0.0604 0.0778
3 0.6518 0.6829 0.063 0.0657
3 0.7633 0.6532 0.0474 0.0565
3 0.3331 0.3694 0.0411 0.0463
3 0.0643 0.8111 0.0495 0.0685
