0 0.9211 0.7648 0.0891 0.1796
1 0.2896 0.1556 0.0323 0.0407
1 0.4289 0.1606 0.0297 0.0343
1 0.925 0.1806 0.0437 0.0444
1 0.143 0.3412 0.038 0.0472
1 0.0995 0.3435 0.0406 0.05
1 0.0299 0.3657 0.0359 0.0463
1 0.1362 0.4296 0.0339 0.0407
1 0.1914 0.3847 0.0276 0.0361
1 0.1732 0.4259 0.0401 0.0519
1 0.1125 0.5565 0.0344 0.0556
1 0.1359 0.6954 0.0406 0.0574
1 0.3232 0.631 0.037 0.0491
1 0.369 0.7171 0.0464 0.0639
1 0.4253 0.7463 0.0432 0.0611
0 0.2901 0.4796 0.0813 0.0944
3 0.2341 0.3644 0.0453 0.0509
