2 0.782 0.8153 0.0453 0.0602
2 0.4294 0.3181 0.0255 0.0454
1 0.4398 0.9329 0.0901 0.1343
1 0.5518 0.9079 0.0495 0.0898
1 0.6763 0.7014 0.0547 0.0935
1 0.2422 0.9653 0.0625 0.0694
1 0.2633 0.8611 0.0505 0.0833
1 0.2445 0.7583 0.0464 0.0778
1 0.3026 0.6292 0.0458 0.075
1 0.1479 0.8222 0.049 0.0741
1 0.0526 0.5037 0.0594 0.0759
1 0.2406 0.3028 0.0292 0.0426
1 0.2604 0.2111 0.0323 0.0463
1 0.2818 0.1421 0.0208 0.0361
1 0.5307 0.0542 0.0354 0.0565
1 0.0667 0.356 0.0333 0.0417
3 0.113 0.4444 0.0583 0.1056
