3 0.9583 0.8568 0.0833 0.2074
3 0.7431 0.6321 0.1222 0.2222
3 0.8528 0.837 0.125 0.2173
3 0.7771 0.9222 0.1208 0.1556
1 0.3674 0.1864 0.0819 0.1556
1 0.3056 0.1815 0.05 0.1506
1 0.4389 0.3407 0.0583 0.1136
1 0.459 0.6198 0.0514 0.1037
1 0.6674 0.7531 0.1042 0.1531
1 0.6444 0.184 0.075 0.1506
1 0.925 0.2531 0.0917 0.1802
1 0.8625 0.4469 0.0944 0.1481
1 0.9535 0.6123 0.0708 0.158
3 0.6472 0.3407 0.1194 0.1531
3 0.5632 0.4 0.1014 0.1136
3 0.566 0.5519 0.0792 0.1062
3 0.5507 0.6864 0.0792 0.1235
3 0.4778 0.7988 0.0972 0.1457
3 0.6104 0.9309 0.0875 0.1383
3 0.2576 0.8605 0.1069 0.1753
3 0.3243 0.4296 0.0792 0.1086
3 0.3715 0.3593 0.0653 0.116
3 0.6708 0.8815 0.1056 0.1235
3 0.6507 0.4432 0.0903 0.1457
3 0.5625 0.1457 0.0639 0.1185
3 0.8236 0.2 0.0917 0.0889
