0 0.4931 0.5185 0.1278 0.1037
3 0.8889 0.7778 0.0694 0.1728
3 0.7729 0.7617 0.1014 0.1407
3 0.8653 0.5099 0.1194 0.1556
3 0.5958 0.5185 0.0778 0.1185
3 0.5042 0.2827 0.0806 0.1457
3 0.4493 0.3469 0.1014 0.1457
3 0.6243 0.1247 0.1153 0.1407
1 0.3819 0.5593 0.075 0.1605
1 0.484 0.6469 0.0625 0.079
1 0.5215 0.3926 0.0486 0.084
1 0.6542 0.3889 0.0694 0.1556
1 0.8139 0.3667 0.0583 0.0914
2 0.9194 0.458 0.0361 0.0716
2 0.2062 0.2988 0.0292 0.0494
1 0.2729 0.8926 0.0736 0.1358
1 0.1597 0.5136 0.1083 0.1728
3 0.0535 0.4123 0.0847 0.1136
3 0.4375 0.7272 0.0556 0.1062
3 0.5861 0.6938 0.0694 0.1086
3 0.7556 0.563 0.0833 0.1136
3 0.8882 0.6494 0.0903 0.1284
