0 0.4375 0.744 0.074 0.2046
1 0.4531 0.9824 0.0437 0.0352
1 0.0362 0.7204 0.0339 0.0556
1 0.0565 0.3384 0.037 0.0509
1 0.3768 0.4106 0.0401 0.0639
1 0.5656 0.3083 0.0292 0.0333
1 0.537 0.3222 0.0437 0.0611
1 0.5966 0.144 0.0318 0.0398
1 0.6875 0.2556 0.0344 0.0611
1 0.8089 0.5051 0.0406 0.0454
1 0.587 0.5921 0.0677 0.1157
3 0.0555 0.8019 0.0557 0.0852
3 0.4526 0.3801 0.0312 0.0454
3 0.8107 0.3245 0.0578 0.1046
3 0.3958 0.6319 0.0542 0.0787
0 0.6224 0.5111 0.1104 0.1259
1 0.1255 0.394 0.024 0.0454
1 0.2469 0.2005 0.0385 0.0509
1 0.3669 0.225 0.0193 0.0352
