2 0.5758 0.9472 0.0661 0.1056
2 0.3854 0.4282 0.0417 0.0657
2 0.4229 0.4375 0.0323 0.0472
2 0.8578 0.8588 0.05 0.0935
1 0.8857 0.7162 0.0568 0.1009
1 0.9031 0.6139 0.0771 0.1222
1 0.894 0.3338 0.062 0.0824
1 0.7672 0.269 0.0521 0.0731
1 0.5799 0.8264 0.1016 0.1694
1 0.4695 0.9148 0.0974 0.1704
1 0.3682 0.9157 0.0958 0.1685
1 0.2531 0.9449 0.125 0.1102
1 0.431 0.7787 0.0922 0.1611
1 0.3451 0.7181 0.0776 0.1324
1 0.2661 0.7875 0.0917 0.1694
1 0.1836 0.762 0.0714 0.1574
1 0.0776 0.8245 0.1083 0.1546
1 0.1898 0.631 0.0724 0.1139
1 0.4109 0.5375 0.0844 0.1361
1 0.2971 0.5542 0.1109 0.1676
1 0.3302 0.4255 0.075 0.1306
1 0.4143 0.3065 0.0693 0.1444
1 0.4505 0.2463 0.0531 0.0907
1 0.4414 0.1657 0.0661 0.0907
1 0.3826 0.2306 0.0661 0.1037
