3 0.1437 0.1617 0.0958 0.121
3 0.0437 0.737 0.0847 0.1556
3 0.1118 0.8617 0.1014 0.1383
3 0.3715 0.2432 0.0792 0.1111
3 0.5236 0.3469 0.0917 0.1457
3 0.4465 0.484 0.1097 0.1333
3 0.5542 0.6642 0.0833 0.1481
3 0.7778 0.7296 0.0917 0.1457
3 0.7799 0.8494 0.0569 0.1037
3 0.8146 0.9383 0.0736 0.1235
1 0.1528 0.7086 0.075 0.1235
1 0.8181 0.1753 0.05 0.0938
1 0.9208 0.4778 0.0583 0.0667
1 0.3347 0.4062 0.0472 0.0914
1 0.8278 0.4469 0.0583 0.084
1 0.6792 0.4543 0.0583 0.084
1 0.5813 0.5383 0.0653 0.0938
1 0.8694 0.7025 0.0528 0.1012
1 0.4618 0.8346 0.0653 0.1235
1 0.5604 0.8358 0.0681 0.1259
1 0.7389 0.9593 0.075 0.0815
1 0.0667 0.1198 0.0944 0.1309
2 0.4313 0.5815 0.0292 0.0469
2 0.2528 0.437 0.0361 0.0543
3 0.3931 0.9025 0.075 0.1506
3 0.5201 0.8111 0.0597 0.1654
