1 0.0299 0.8988 0.0569 0.1383
3 0.8632 0.2506 0.0569 0.0864
3 0.8757 0.3531 0.0792 0.1086
3 0.8472 0.4111 0.0583 0.116
3 0.8562 0.6889 0.0736 0.1531
3 0.959 0.7728 0.0819 0.1481
3 0.8306 0.8963 0.1028 0.2074
3 0.6757 0.179 0.0542 0.121
3 0.5194 0.0543 0.0833 0.0988
3 0.2153 0.2025 0.0722 0.0938
3 0.2694 0.279 0.0722 0.0938
3 0.509 0.4284 0.0569 0.1062
3 0.5764 0.4037 0.0833 0.1309
3 0.6188 0.4383 0.0681 0.1901
3 0.3542 0.437 0.1083 0.163
3 0.541 0.5704 0.0486 0.1086
3 0.3403 0.6235 0.0889 0.1358
3 0.2799 0.7284 0.0708 0.1086
3 0.4111 0.7951 0.1278 0.2123
3 0.2792 0.8877 0.1139 0.1852
3 0.3972 0.9519 0.1056 0.0963
1 0.875 0.0173 0.0417 0.0296
1 0.7257 0.0272 0.0569 0.0494
1 0.6333 0.0642 0.0472 0.0691
1 0.7389 0.1802 0.0556 0.0938
1 0.9146 0.1815 0.0569 0.0815
1 0.5424 0.2494 0.0569 0.0938
1 0.6361 0.2802 0.0806 0.116
1 0.7118 0.3321 0.0681 0.0815
1 0.7833 0.3778 0.0694 0.0988
1 0.7007 0.4247 0.0764 0.1185
1 0.7701 0.4938 0.0681 0.1284
1 0.7243 0.7123 0.0458 0.1506
1 0.7007 0.5802 0.0736 0.1136
1 0.7861 0.6432 0.0667 0.1012
1 0.7833 0.784 0.0583 0.116
1 0.475 0.9309 0.1 0.1383
1 0.4771 0.6444 0.0764 0.1432
1 0.5611 0.8235 0.0861 0.1654
1 0.6778 0.8938 0.1028 0.1877
1 0.7396 0.8975 0.0347 0.1407
1 0.5653 0.6877 0.0778 0.1654
1 0.6618 0.7136 0.0931 0.1481
2 0.5062 0.1037 0.0236 0.0247
2 0.3576 0.0148 0.0292 0.0198
2 0.7854 0.263 0.0208 0.042
2 0.6083 0.9432 0.025 0.0444
1 0.2896 0.179 0.0597 0.1012
3 0.1625 0.7321 0.0611 0.121
