3 0.3005 0.7412 0.0781 0.0806
3 0.1891 0.5769 0.0656 0.0648
3 0.1005 0.5032 0.0458 0.0509
1 0.1578 0.4148 0.0292 0.0426
1 0.1437 0.4481 0.0187 0.0241
1 0.2013 0.4796 0.0359 0.0463
1 0.0643 0.6699 0.0401 0.0417
1 0.1297 0.7602 0.0406 0.0426
1 0.2029 0.7157 0.038 0.0574
1 0.2904 0.7903 0.0432 0.0565
1 0.3659 0.9051 0.0401 0.0694
1 0.3971 0.5037 0.0297 0.0259
1 0.4307 0.488 0.0354 0.0426
1 0.4682 0.5148 0.0312 0.0389
1 0.5148 0.5792 0.0203 0.0324
1 0.5695 0.6074 0.0234 0.0333
1 0.6016 0.6639 0.0292 0.05
1 0.6164 0.6907 0.0286 0.0426
1 0.6893 0.7782 0.0516 0.0713
1 0.5547 0.8468 0.0323 0.0417
1 0.6396 0.875 0.0469 0.0667
1 0.6682 0.9296 0.0375 0.0463
1 0.5201 0.9792 0.0505 0.0417
