1 0.7104 0.1568 0.0597 0.0864
3 0.9306 0.0333 0.1111 0.0617
3 0.6229 0.1852 0.0875 0.1333
3 0.4444 0.0802 0.0472 0.0864
1 0.3375 0.1963 0.0222 0.1062
1 0.3785 0.2407 0.0486 0.0864
1 0.5639 0.0901 0.0583 0.0963
1 0.9417 0.2667 0.1167 0.163
3 0.6243 0.8309 0.0264 0.0667
1 0.5139 0.4333 0.0667 0.1259
1 0.65 0.4753 0.075 0.116
1 0.5632 0.7049 0.0625 0.1309
1 0.6625 0.9741 0.0667 0.0519
1 0.5917 0.9494 0.0694 0.1012
3 0.7736 0.384 0.0694 0.0765
3 0.8681 0.8963 0.1639 0.2074
3 0.3417 0.9654 0.0833 0.0691
1 0.2792 0.0975 0.0556 0.0864
3 0.5264 0.0383 0.0833 0.0716
