2 0.9417 0.3099 0.0583 0.042
2 0.6813 0.2889 0.0292 0.0395
2 0.7847 0.4062 0.0417 0.0667
2 0.8333 0.8358 0.0667 0.0914
3 0.2174 0.2481 0.1125 0.1457
3 0.2222 0.0593 0.0944 0.1086
3 0.0813 0.3222 0.0875 0.0963
3 0.7312 0.0963 0.0597 0.0988
3 0.5458 0.2444 0.0444 0.084
3 0.3507 0.421 0.0875 0.1407
3 0.4958 0.5889 0.0472 0.0815
3 0.5826 0.963 0.0708 0.0741
1 0.1181 0.1802 0.0833 0.1037
1 0.2653 0.3321 0.0722 0.1062
1 0.6083 0.042 0.0667 0.0741
1 0.434 0.3753 0.0403 0.0494
1 0.7069 0.458 0.0861 0.1062
1 0.8507 0.5667 0.0931 0.0963
1 0.7507 0.5642 0.0958 0.1062
1 0.5993 0.4852 0.0792 0.121
1 0.0118 0.5556 0.0208 0.0938
1 0.2451 0.7296 0.0903 0.121
1 0.3424 0.9691 0.0792 0.0617
