2 0.1507 0.4222 0.0292 0.0346
2 0.4479 0.4704 0.0181 0.0321
2 0.4451 0.558 0.0236 0.0346
2 0.225 0.6333 0.0306 0.042
2 0.159 0.6481 0.0319 0.0519
3 0.3708 0.3531 0.0639 0.0988
3 0.3194 0.6877 0.0833 0.121
3 0.4972 0.584 0.0639 0.0914
3 0.7056 0.558 0.0722 0.1037
3 0.7778 0.5568 0.0611 0.0815
2 0.625 0.8062 0.025 0.0469
2 0.5764 0.8321 0.0333 0.0691
2 0.5382 0.8457 0.0264 0.0469
1 0.2181 0.0704 0.0722 0.0568
1 0.3403 0.1691 0.0611 0.0864
1 0.3847 0.2741 0.05 0.084
1 0.5507 0.5593 0.0569 0.121
1 0.6875 0.6086 0.0694 0.1012
1 0.8646 0.6432 0.1069 0.121
1 0.1208 0.7272 0.1528 0.1852
3 0.0424 0.0383 0.0819 0.0716
