3 0.3889 0.1309 0.0639 0.0691
3 0.3792 0.2704 0.0639 0.0963
0 0.5493 0.7494 0.1792 0.1309
3 0.2562 0.6086 0.0764 0.1309
3 0.4604 0.5407 0.1153 0.1383
3 0.575 0.5679 0.1306 0.2074
3 0.5542 0.8272 0.1167 0.1827
3 0.0806 0.8753 0.1583 0.2494
1 0.5854 0.0704 0.0514 0.0667
1 0.8569 0.0889 0.0417 0.0444
1 0.9278 0.2037 0.0583 0.0617
1 0.6306 0.1901 0.0472 0.0741
1 0.7042 0.3111 0.0472 0.079
1 0.5507 0.2469 0.0681 0.0988
1 0.4896 0.3321 0.0486 0.0617
1 0.459 0.4469 0.0736 0.1086
1 0.3931 0.8062 0.0778 0.1111
1 0.5181 0.621 0.1111 0.1704
1 0.6986 0.7802 0.0917 0.1383
0 0.4819 0.1457 0.1222 0.1037
0 0.7465 0.0877 0.1069 0.1407
