2 0.6701 0.1877 0.0431 0.0642
2 0.3312 0.0889 0.0292 0.0395
2 0.8125 0.116 0.0417 0.0346
2 0.416 0.2864 0.0347 0.0395
2 0.3792 0.2778 0.0333 0.0469
2 0.3715 0.337 0.0597 0.042
2 0.3688 0.6037 0.0347 0.042
2 0.5944 0.579 0.0389 0.0469
2 0.7785 0.7926 0.0653 0.0543
2 0.7729 0.716 0.0569 0.0494
2 0.8701 0.6185 0.0625 0.0469
2 0.8556 0.3568 0.0472 0.0469
2 0.9035 0.3568 0.0597 0.0519
2 0.9576 0.3556 0.0458 0.0494
3 0.1417 0.5457 0.0611 0.079
3 0.2896 0.3346 0.0958 0.1852
3 0.409 0.0889 0.0903 0.1481
3 0.5403 0.3062 0.1167 0.1778
1 0.2639 0.7679 0.0722 0.0741
1 0.4424 0.6519 0.0597 0.084
1 0.6743 0.9691 0.0569 0.0617
1 0.6312 0.9259 0.0403 0.0395
1 0.6681 0.7852 0.0806 0.1136
1 0.4938 0.5049 0.1069 0.1556
1 0.5813 0.1469 0.1236 0.1457
2 0.2069 0.3333 0.0278 0.0395
2 0.391 0.4012 0.0347 0.042
2 0.3076 0.2136 0.0292 0.042
