0 0.8643 0.563 0.1047 0.1574
1 0.5365 0.9208 0.0875 0.1176
1 0.5594 0.7431 0.0813 0.1694
1 0.6727 0.825 0.0682 0.1111
1 0.4909 0.3491 0.062 0.0944
1 0.7026 0.2866 0.0531 0.0694
1 0.6701 0.2153 0.0432 0.0731
1 0.7299 0.1722 0.038 0.0759
1 0.3865 0.1199 0.0583 0.0787
1 0.313 0.1412 0.0542 0.0602
1 0.3102 0.0657 0.0505 0.05
1 0.1034 0.175 0.0724 0.1148
1 0.6482 0.0227 0.0453 0.0435
3 0.4021 0.3889 0.0781 0.1148
2 0.8534 0.7208 0.0286 0.0528
2 0.469 0.662 0.0266 0.0593
2 0.3516 0.2306 0.0323 0.0352
