1 0.3477 0.7394 0.088 0.1583
1 0.7583 0.7269 0.074 0.15
3 0.8737 0.9343 0.0984 0.1315
3 0.7365 0.9296 0.1115 0.1407
3 0.8292 0.4912 0.0594 0.1065
3 0.7406 0.4153 0.0729 0.0954
3 0.5099 0.6356 0.0823 0.1324
3 0.4292 0.4722 0.0854 0.1056
3 0.525 0.1806 0.05 0.0889
3 0.4617 0.0792 0.0703 0.0954
3 0.3156 0.9306 0.1135 0.1389
3 0.0706 0.9444 0.0672 0.1111
3 0.2966 0.3708 0.0714 0.1083
3 0.2354 0.5278 0.0594 0.1056
3 0.2104 0.644 0.0594 0.1009
3 0.157 0.6852 0.0474 0.0944
3 0.1419 0.5759 0.0995 0.1556
3 0.2003 0.4403 0.0714 0.0917
3 0.1448 0.4481 0.0573 0.0926
3 0.0701 0.4287 0.0464 0.1074
1 0.6466 0.9546 0.0661 0.0907
1 0.4682 0.9417 0.051 0.0944
1 0.4714 0.7769 0.075 0.1074
1 0.3875 0.9519 0.0604 0.0963
1 0.2193 0.8639 0.0615 0.1
1 0.1758 0.9671 0.0724 0.0657
1 0.1414 0.8903 0.0599 0.112
1 0.3997 0.5856 0.038 0.0639
1 0.963 0.3694 0.0646 0.1037
1 0.5211 0.3403 0.0526 0.0954
1 0.3497 0.2741 0.0953 0.0981
1 0.368 0.1847 0.0432 0.062
1 0.1656 0.3287 0.0625 0.1074
1 0.1208 0.2241 0.0677 0.0907
1 0.1661 0.0509 0.0594 0.087
3 0.3951 0.4102 0.0589 0.1278
3 0.7424 0.1324 0.0828 0.1037
2 0.9279 0.694 0.0359 0.0546
3 0.0294 0.5532 0.0568 0.1546
3 0.0896 0.5407 0.0646 0.1352
3 0.0359 0.7843 0.0708 0.0963
3 0.0919 0.6773 0.0703 0.125
3 0.0727 0.8667 0.0578 0.1019
3 0.1187 0.8366 0.0583 0.0769
3 0.0984 0.7519 0.0542 0.1148
3 0.156 0.7736 0.0557 0.088
3 0.1997 0.744 0.0526 0.1046
