2 0.5125 0.058 0.025 0.037
2 0.6062 0.1333 0.0264 0.0444
2 0.5465 0.1704 0.0236 0.0346
2 0.4757 0.5864 0.0236 0.037
2 0.3382 0.4901 0.0319 0.042
2 0.2083 0.9457 0.0278 0.0444
2 0.6278 0.6259 0.0194 0.0272
2 0.7403 0.9667 0.0361 0.037
1 0.9361 0.5296 0.1222 0.1259
1 0.9715 0.2889 0.0569 0.0938
1 0.9458 0.1802 0.1083 0.0642
3 0.6618 0.2346 0.0431 0.0938
3 0.7868 0.3099 0.0458 0.0667
3 0.7208 0.3741 0.0611 0.1111
1 0.6854 0.1926 0.0375 0.084
1 0.7208 0.2383 0.05 0.0568
1 0.6813 0.2901 0.0347 0.0716
1 0.6507 0.3914 0.0486 0.0667
1 0.6104 0.5667 0.0486 0.0716
3 0.1868 0.584 0.0819 0.0765
3 0.434 0.5247 0.0542 0.0617
3 0.4771 0.8802 0.0431 0.0815
1 0.4486 0.4358 0.0639 0.1111
1 0.5639 0.6716 0.0417 0.0741
1 0.1437 0.6667 0.0847 0.0938
1 0.2257 0.684 0.0819 0.1185
