1 0.2062 0.5531 0.0458 0.0691
1 0.2833 0.7173 0.0278 0.0321
3 0.259 0.6593 0.0236 0.0346
3 0.3403 0.6815 0.0167 0.0444
3 0.6368 0.5086 0.0319 0.0543
1 0.3229 0.6148 0.0292 0.0494
1 0.3618 0.7 0.0375 0.0568
1 0.4688 0.9556 0.0347 0.0593
1 0.5076 0.9012 0.0403 0.0543
1 0.6937 0.9481 0.0708 0.1037
3 0.4188 0.6815 0.0264 0.0543
3 0.3076 0.537 0.0264 0.037
3 0.4167 0.9506 0.0333 0.0494
3 0.6125 0.8333 0.0667 0.0667
3 0.766 0.9062 0.0792 0.1086
3 0.4465 0.6556 0.0292 0.037
3 0.4917 0.6074 0.0417 0.0642
3 0.4951 0.7988 0.0569 0.1062
3 0.9083 0.8148 0.1639 0.1679
1 0.6569 0.758 0.0667 0.1037
1 0.5924 0.6802 0.0375 0.0815
1 0.5521 0.6136 0.0347 0.037
1 0.5639 0.537 0.0639 0.0914
1 0.4264 0.542 0.05 0.0716
1 0.4868 0.3395 0.0653 0.0963
3 0.434 0.4407 0.0431 0.0815
3 0.5139 0.4716 0.0583 0.0938
3 0.7403 0.358 0.0806 0.1037
3 0.6076 0.258 0.0708 0.1111
1 0.2514 0.6704 0.0278 0.042
