2 0.0569 0.0432 0.0583 0.0519
2 0.3222 0.2 0.025 0.0296
2 0.1757 0.5284 0.0403 0.0593
2 0.1132 0.1358 0.0347 0.0296
2 0.1292 0.4605 0.0472 0.037
2 0.066 0.8358 0.0264 0.0272
2 0.2826 0.8173 0.0292 0.0296
1 0.0847 0.6049 0.1667 0.1185
1 0.2069 0.7395 0.0694 0.0716
1 0.2938 0.6691 0.0847 0.0988
2 0.3688 0.5506 0.0208 0.0296
2 0.5528 0.463 0.025 0.0469
2 0.4486 0.6148 0.0222 0.0247
2 0.4514 0.5753 0.0194 0.0247
2 0.4076 0.5938 0.0236 0.0222
2 0.5819 0.3778 0.025 0.0395
2 0.5521 0.3827 0.0347 0.0346
2 0.9125 0.5062 0.0389 0.0444
1 0.4632 0.984 0.0403 0.0321
1 0.4451 0.8506 0.0653 0.0864
1 0.4993 0.6556 0.0903 0.1259
1 0.8056 0.437 0.1167 0.1037
1 0.6361 0.7222 0.0583 0.0815
1 0.6507 0.6383 0.0764 0.0765
1 0.6208 0.9481 0.0556 0.0642
1 0.7576 0.8642 0.0486 0.0691
1 0.8799 0.7333 0.0542 0.0543
1 0.9465 0.6877 0.0514 0.0617
3 0.8271 0.8802 0.0597 0.037
3 0.3271 0.2617 0.0542 0.0642
3 0.3326 0.3815 0.0486 0.0667
3 0.4437 0.342 0.0653 0.0914
3 0.4569 0.2395 0.0778 0.1037
3 0.6174 0.2432 0.0764 0.1259
3 0.7514 0.0506 0.125 0.0963
3 0.3806 0.7753 0.0389 0.0741
