3 0.3903 0.3012 0.0556 0.084
2 0.8479 0.4975 0.0347 0.037
2 0.816 0.458 0.0403 0.042
2 0.9688 0.6654 0.0542 0.0617
2 0.6243 0.558 0.0264 0.0494
2 0.5972 0.5704 0.0278 0.0593
2 0.4229 0.5716 0.0431 0.0519
2 0.4326 0.5259 0.0542 0.0593
3 0.5188 0.8889 0.0625 0.1086
1 0.5208 0.0395 0.0472 0.0691
1 0.4701 0.1198 0.0486 0.0914
1 0.0604 0.1123 0.1181 0.116
1 0.2458 0.5778 0.0778 0.1383
1 0.0583 0.9062 0.1083 0.1185
1 0.5715 0.6481 0.0958 0.1506
3 0.166 0.9284 0.1097 0.1432
3 0.1493 0.7432 0.1014 0.0889
3 0.9118 0.3173 0.1458 0.1556
3 0.7444 0.7148 0.1111 0.1358
3 0.8778 0.9198 0.1389 0.1605
3 0.0299 0.037 0.0569 0.0642
3 0.4167 0.6284 0.0306 0.0519
