3 0.6792 0.5864 0.0611 0.1062
3 0.5417 0.4272 0.0639 0.084
1 0.5333 0.9346 0.0444 0.1062
1 0.8465 0.8716 0.1125 0.1086
1 0.7604 0.7346 0.0875 0.1062
1 0.741 0.6062 0.0736 0.1111
1 0.6174 0.3802 0.0736 0.1086
1 0.4201 0.7506 0.0542 0.0988
1 0.1993 0.4728 0.0431 0.042
1 0.2507 0.3593 0.0597 0.0864
1 0.0854 0.437 0.0486 0.0691
3 0.2292 0.942 0.1083 0.116
3 0.1771 0.7815 0.0764 0.1259
3 0.3271 0.7556 0.0903 0.158
3 0.4028 0.6556 0.0639 0.1259
3 0.341 0.5617 0.0514 0.0914
3 0.2667 0.5802 0.075 0.1481
3 0.4062 0.3765 0.0597 0.0765
3 0.6535 0.1037 0.0792 0.1086
3 0.9132 0.2667 0.1125 0.0889
3 0.7299 0.2926 0.0486 0.0914
2 0.5792 0.884 0.0222 0.0346
