2 0.4076 0.5802 0.0181 0.0296
2 0.2965 0.584 0.0181 0.0222
2 0.384 0.6654 0.0153 0.0173
2 0.409 0.7864 0.0208 0.0272
2 0.3743 0.784 0.0236 0.0272
2 0.2674 0.7469 0.0208 0.0272
2 0.1257 0.3543 0.0347 0.0519
3 0.9347 0.121 0.1306 0.158
3 0.884 0.2556 0.1375 0.1358
3 0.716 0.2728 0.0625 0.0914
3 0.741 0.1284 0.0597 0.0889
2 0.3389 0.2272 0.0333 0.0691
2 0.5049 0.2963 0.0292 0.0395
2 0.6424 0.1704 0.0319 0.0296
2 0.5556 0.1469 0.0444 0.042
2 0.959 0.358 0.0514 0.0395
2 0.6875 0.4753 0.0306 0.037
2 0.7333 0.5494 0.0361 0.0272
2 0.8014 0.8457 0.0417 0.0173
2 0.9521 0.9432 0.0431 0.0296
2 0.9174 0.8284 0.0403 0.037
2 0.9736 0.8617 0.0528 0.0444
1 0.5424 0.9198 0.0931 0.1605
1 0.6979 0.8728 0.0819 0.0914
1 0.7882 0.6235 0.1319 0.1358
1 0.5799 0.6728 0.1181 0.1951
1 0.4833 0.6259 0.05 0.042
1 0.4632 0.4259 0.0931 0.1309
1 0.2035 0.1802 0.1375 0.1531
1 0.2188 0.3654 0.0764 0.079
1 0.0479 0.5333 0.0931 0.1185
1 0.1167 0.5889 0.075 0.0765
2 0.525 0.3704 0.0278 0.0444
