3 0.3243 0.9617 0.0708 0.0765
3 0.3014 0.8284 0.0917 0.1012
3 0.0389 0.6951 0.075 0.1012
3 0.0361 0.3136 0.0694 0.1333
1 0.1368 0.6346 0.0958 0.1037
1 0.2458 0.5173 0.0694 0.1111
1 0.2951 0.2296 0.0514 0.0691
1 0.2806 0.1407 0.0722 0.0988
3 0.4083 0.0296 0.0389 0.0543
3 0.4861 0.2926 0.05 0.116
1 0.3708 0.1691 0.0889 0.116
1 0.4153 0.2654 0.0583 0.0765
1 0.4431 0.3333 0.0611 0.084
2 0.5493 0.1815 0.0236 0.042
2 0.5424 0.2926 0.0319 0.0519
2 0.7604 0.1704 0.0375 0.0444
2 0.7215 0.1506 0.0236 0.0247
2 0.7417 0.0568 0.0389 0.0247
2 0.9229 0.058 0.0569 0.0716
2 0.8382 0.0704 0.0431 0.042
0 0.6431 0.8247 0.0556 0.1877
1 0.4694 0.4111 0.0583 0.116
1 0.5451 0.4272 0.0736 0.1481
1 0.4097 0.5938 0.0694 0.0963
1 0.5764 0.6481 0.0778 0.1012
1 0.6368 0.6037 0.1014 0.1358
1 0.7028 0.7012 0.0694 0.1037
2 0.3979 0.6605 0.0264 0.042
2 0.8229 0.5185 0.0264 0.0346
2 0.6819 0.5148 0.0389 0.0469
2 0.8097 0.558 0.0389 0.0444
3 0.584 0.9383 0.0764 0.1235
3 0.8701 0.8086 0.1264 0.1358
1 0.5542 0.7049 0.0806 0.0914
