2 0.7403 0.5444 0.0222 0.037
2 0.7215 0.4235 0.0292 0.037
3 0.834 0.9728 0.0792 0.0543
3 0.1799 0.9753 0.0736 0.0494
3 0.3118 0.5864 0.1486 0.2494
3 0.8403 0.616 0.0833 0.1111
3 0.9208 0.4778 0.1583 0.2148
1 0.4542 0.9593 0.0806 0.0815
1 0.7118 0.8889 0.0875 0.1877
1 0.7278 0.7173 0.0806 0.1309
1 0.6729 0.6235 0.0681 0.1012
1 0.5799 0.6852 0.0681 0.0914
1 0.6042 0.5605 0.0778 0.1086
1 0.6014 0.279 0.0778 0.1185
1 0.7201 0.058 0.0931 0.1111
3 0.5507 0.5716 0.0375 0.0815
3 0.6486 0.4494 0.0361 0.0642
