3 0.6826 0.6716 0.0736 0.1333
0 0.5944 0.5938 0.125 0.1605
1 0.8882 0.9198 0.0819 0.1309
1 0.5083 0.6605 0.0722 0.116
1 0.8597 0.579 0.0556 0.0815
1 0.6785 0.5704 0.0347 0.0642
1 0.6111 0.3407 0.0444 0.079
1 0.5708 0.3901 0.0472 0.079
1 0.4472 0.4012 0.0444 0.0815
1 0.4764 0.3358 0.0556 0.0889
1 0.3708 0.3025 0.0306 0.042
1 0.3132 0.316 0.0347 0.0691
1 0.2292 0.3284 0.0333 0.0741
1 0.1569 0.4519 0.0722 0.1185
1 0.0285 0.6975 0.0542 0.1111
2 0.3653 0.9667 0.0389 0.0667
2 0.4958 0.8123 0.1028 0.084
2 0.3528 0.7444 0.0667 0.0815
2 0.4181 0.8086 0.0417 0.0617
2 0.2146 0.6481 0.0403 0.0617
