1 0.7972 0.9778 0.0917 0.0444
2 0.8063 0.8284 0.0569 0.0519
2 0.9812 0.4815 0.0375 0.0494
2 0.9278 0.4407 0.0389 0.037
2 0.9736 0.3358 0.0444 0.0346
2 0.9222 0.1914 0.0472 0.0321
2 0.8819 0.2568 0.025 0.0395
2 0.825 0.2235 0.0333 0.0321
2 0.6917 0.421 0.0306 0.0519
2 0.6924 0.2123 0.0264 0.0346
1 0.5965 0.5099 0.0458 0.1358
1 0.5715 0.0938 0.0875 0.1284
1 0.5451 0.1914 0.0431 0.0716
1 0.4424 0.1852 0.0375 0.0543
1 0.1535 0.4086 0.1514 0.1901
1 0.1215 0.7827 0.0875 0.0889
1 0.3444 0.9642 0.0917 0.0716
1 0.3521 0.0617 0.0569 0.0938
1 0.4111 0.2778 0.0583 0.1062
1 0.4139 0.3753 0.05 0.079
1 0.4896 0.3222 0.0764 0.121
1 0.5236 0.4543 0.0583 0.0889
1 0.5424 0.5309 0.0542 0.079
1 0.5694 0.6099 0.0667 0.1284
1 0.6507 0.6889 0.0847 0.1481
1 0.4847 0.7827 0.0667 0.1037
1 0.3382 0.663 0.0681 0.1358
1 0.2215 0.7432 0.0958 0.1383
3 0.375 0.2975 0.0361 0.0716
