1 0.3451 0.6494 0.0736 0.1037
3 0.0424 0.8494 0.0819 0.1136
3 0.1549 0.6037 0.1236 0.1358
3 0.1146 0.3864 0.1542 0.1654
2 0.2139 0.3704 0.0222 0.0247
2 0.2806 0.1753 0.0417 0.0395
1 0.0493 0.0346 0.0958 0.0642
1 0.2972 0.0926 0.0778 0.0914
0 0.5493 0.3728 0.0569 0.1926
2 0.5083 0.1272 0.025 0.0321
2 0.534 0.1741 0.0236 0.0272
2 0.516 0.2247 0.0236 0.0346
3 0.7319 0.3296 0.0778 0.1259
1 0.4514 0.2247 0.075 0.1037
1 0.6021 0.1938 0.0708 0.0963
1 0.716 0.0284 0.0764 0.0519
1 0.8125 0.8049 0.0889 0.0741
1 0.7833 0.6395 0.05 0.0494
1 0.6299 0.6123 0.0569 0.0938
3 0.4986 0.537 0.0694 0.1358
3 0.8097 0.9395 0.0472 0.0667
3 0.741 0.9568 0.0625 0.0864
3 0.6444 0.9679 0.0694 0.0642
3 0.4799 0.8358 0.0736 0.116
2 0.3861 0.9012 0.0278 0.0296
2 0.5549 0.8494 0.0208 0.0346
