1 0.9382 0.5543 0.0958 0.1012
1 0.391 0.2395 0.0319 0.0691
1 0.7722 0.3531 0.0472 0.079
1 0.4847 0.0889 0.025 0.0444
3 0.4007 0.0481 0.0431 0.0321
3 0.4083 0.1778 0.0361 0.0494
3 0.9306 0.2074 0.0694 0.0395
3 0.8535 0.2654 0.0569 0.0716
3 0.7826 0.2617 0.0653 0.0593
3 0.9187 0.3235 0.0681 0.0494
3 0.8507 0.342 0.0903 0.0765
3 0.7715 0.4284 0.0653 0.0914
3 0.1847 0.4432 0.0361 0.0617
3 0.2264 0.516 0.0333 0.0444
3 0.3104 0.6556 0.0736 0.0864
3 0.5625 0.5444 0.0694 0.116
3 0.3979 0.8864 0.0514 0.1086
