3 0.7688 0.2222 0.0708 0.0642
3 0.5222 0.0951 0.0417 0.0469
3 0.4188 0.2506 0.0736 0.0963
3 0.4715 0.2173 0.0431 0.079
3 0.4792 0.3568 0.0806 0.1259
3 0.5257 0.2852 0.0625 0.0519
3 0.4167 0.5358 0.0833 0.1037
3 0.225 0.8457 0.0972 0.116
1 0.3465 0.1938 0.0347 0.0321
1 0.3812 0.1123 0.0431 0.0667
1 0.7069 0.0617 0.0722 0.1185
1 0.8389 0.2111 0.0806 0.0914
1 0.8736 0.2963 0.1 0.0988
1 0.9632 0.3877 0.0736 0.0889
1 0.6215 0.2111 0.0597 0.1062
1 0.6438 0.3 0.0708 0.1111
1 0.5618 0.2938 0.0569 0.0889
1 0.6736 0.479 0.0472 0.0691
1 0.5653 0.5938 0.0694 0.121
1 0.3979 0.4444 0.0736 0.1284
3 0.6424 0.1062 0.0486 0.0642
3 0.8014 0.0321 0.05 0.0593
3 0.366 0.3827 0.0514 0.0642
