1 0.9464 0.0949 0.0625 0.0954
1 0.8474 0.9468 0.0719 0.1065
1 0.6221 0.9468 0.0641 0.1065
1 0.5615 0.8796 0.0437 0.1167
1 0.5026 0.8769 0.076 0.1556
1 0.5315 0.6361 0.0589 0.1
1 0.6047 0.5685 0.0698 0.1056
1 0.6089 0.4653 0.0573 0.0861
1 0.7443 0.5708 0.0563 0.0824
1 0.7789 0.5329 0.0526 0.1046
1 0.725 0.4792 0.0531 0.1046
1 0.8255 0.4361 0.0437 0.0963
3 0.7292 0.9352 0.076 0.1296
3 0.5625 0.406 0.074 0.1213
3 0.1583 0.8505 0.0594 0.1157
2 0.0948 0.6046 0.0406 0.0333
2 0.2232 0.8065 0.0234 0.0574
2 0.1479 0.7657 0.0167 0.0333
2 0.4094 0.8301 0.0167 0.0361
2 0.3346 0.4458 0.0318 0.0361
1 0.7255 0.0611 0.0563 0.0944
3 0.7831 0.9338 0.0693 0.1324
