1 0.316 0.6765 0.0458 0.0494
3 0.4201 0.416 0.0319 0.0568
3 0.4958 0.3877 0.0417 0.0691
3 0.509 0.3 0.0514 0.0815
3 0.6389 0.3074 0.0778 0.0963
3 0.7438 0.1272 0.0986 0.1309
3 0.5882 0.0519 0.0597 0.0988
1 0.7833 0.4753 0.0833 0.0815
1 0.0285 0.4247 0.0514 0.1136
1 0.0271 0.5704 0.0514 0.0691
1 0.2507 0.5531 0.0708 0.0889
1 0.3757 0.6222 0.0458 0.0642
1 0.5319 0.637 0.0667 0.084
1 0.4792 0.7901 0.0528 0.0543
1 0.4979 0.9346 0.0347 0.042
1 0.4625 0.9741 0.0222 0.0321
1 0.541 0.9457 0.0264 0.0346
1 0.6347 0.9099 0.0417 0.0519
1 0.684 0.9333 0.0292 0.0346
1 0.7653 0.8444 0.0389 0.0543
1 0.7347 0.6889 0.0611 0.0642
1 0.6569 0.637 0.0667 0.079
1 0.9326 0.6914 0.0431 0.0444
2 0.6021 0.7185 0.0264 0.0247
2 0.8944 0.5481 0.0306 0.0296
3 0.4368 0.721 0.0347 0.0593
3 0.4306 0.084 0.0444 0.0642
3 0.4139 0.3198 0.0306 0.0469
3 0.8694 0.8815 0.05 0.0494
