2 0.566 0.816 0.0319 0.0321
2 0.4285 0.6716 0.0208 0.0346
2 0.3368 0.7593 0.0236 0.0321
2 0.391 0.9506 0.0208 0.0346
2 0.3306 0.8259 0.0361 0.037
2 0.2201 0.9074 0.0181 0.0321
3 0.2812 0.7259 0.0542 0.079
3 0.0597 0.5926 0.1167 0.1679
3 0.059 0.4296 0.0903 0.1185
3 0.1632 0.5099 0.0542 0.0716
3 0.3361 0.4 0.0861 0.1284
3 0.2368 0.037 0.1097 0.0691
2 0.5514 0.5432 0.0194 0.0296
2 0.9729 0.3123 0.0542 0.042
2 0.8069 0.3753 0.0333 0.0346
3 0.5597 0.6395 0.0389 0.0642
3 0.5847 0.7025 0.0722 0.1012
3 0.4007 0.7432 0.0681 0.1235
3 0.4944 0.7444 0.0861 0.1556
3 0.7271 0.2901 0.0931 0.121
3 0.859 0.7025 0.1181 0.1358
0 0.4153 0.4975 0.075 0.1852
0 0.6028 0.2852 0.1306 0.116
1 0.291 0.1519 0.0736 0.0864
1 0.3646 0.2358 0.0486 0.0815
1 0.1965 0.3 0.0931 0.1259
1 0.7083 0.4086 0.1111 0.1259
1 0.6535 0.6469 0.1236 0.1481
1 0.691 0.8025 0.0708 0.1037
1 0.1472 0.7284 0.0972 0.1037
1 0.0861 0.8333 0.1056 0.1012
2 0.2347 0.916 0.0222 0.0346
3 0.884 0.0444 0.1292 0.084
3 0.6201 0.8235 0.0875 0.1605
