3 0.4924 0.279 0.0736 0.1333
1 0.5083 0.1802 0.0528 0.0938
1 0.4736 0.0457 0.0667 0.0864
1 0.2493 0.6716 0.1236 0.158
2 0.5486 0.5432 0.025 0.0395
2 0.3056 0.5506 0.0306 0.0593
2 0.2687 0.579 0.0292 0.0617
2 0.7056 0.721 0.0306 0.0395
2 0.7174 0.858 0.0208 0.037
2 0.6646 0.8704 0.0319 0.0519
2 0.6222 0.8753 0.0333 0.0321
1 0.6583 0.6395 0.0667 0.0938
1 0.8125 0.6864 0.0917 0.0889
1 0.9729 0.7617 0.0542 0.0963
3 0.8451 0.6309 0.1069 0.121
3 0.9347 0.6556 0.0861 0.1062
3 0.4222 0.6469 0.0861 0.1432
3 0.5306 0.7765 0.0722 0.1259
3 0.2285 0.9444 0.0847 0.1062
