2 0.5694 0.8728 0.0278 0.0321
2 0.5361 0.8679 0.0306 0.0321
2 0.9257 0.4321 0.0486 0.0444
2 0.8972 0.3889 0.0361 0.042
2 0.7542 0.3765 0.0389 0.042
2 0.6208 0.4852 0.0278 0.037
2 0.6535 0.6519 0.0236 0.0296
2 0.8229 0.8556 0.0569 0.0765
2 0.9639 0.5914 0.0722 0.0617
3 0.3007 0.6123 0.0319 0.0543
1 0.1167 0.4185 0.0278 0.0321
1 0.2847 0.5222 0.025 0.042
1 0.1861 0.3642 0.0139 0.0321
1 0.159 0.358 0.0125 0.0296
1 0.1792 0.2778 0.0306 0.0469
1 0.1 0.2321 0.0278 0.0296
1 0.0264 0.1975 0.025 0.0346
1 0.0465 0.1765 0.0292 0.0272
1 0.0194 0.1235 0.0222 0.0296
1 0.0785 0.0247 0.0431 0.0444
1 0.1472 0.042 0.0306 0.0395
1 0.109 0.0642 0.0486 0.0593
1 0.0972 0.158 0.0694 0.0642
1 0.1472 0.1346 0.0361 0.0469
1 0.166 0.1901 0.0375 0.0444
1 0.1868 0.1346 0.0486 0.0667
1 0.2188 0.2284 0.0431 0.0716
1 0.2687 0.2494 0.0319 0.0593
1 0.5062 0.3457 0.0458 0.084
1 0.5965 0.0519 0.0625 0.084
1 0.7431 0.0333 0.0861 0.0617
1 0.3507 0.5346 0.0208 0.0469
1 0.459 0.4296 0.0458 0.084
1 0.5188 0.5086 0.0597 0.1136
1 0.7201 0.8284 0.0986 0.1457
0 0.7694 0.2099 0.0611 0.1531
3 0.2181 0.5173 0.025 0.042
3 0.2215 0.0938 0.0514 0.0741
3 0.3222 0.3062 0.0444 0.0593
3 0.3465 0.2086 0.0569 0.1012
3 0.5049 0.1333 0.0431 0.0543
3 0.4764 0.2358 0.0667 0.1111
3 0.6875 0.1346 0.0889 0.1062
3 0.5958 0.3988 0.05 0.0914
3 0.7118 0.4407 0.0875 0.116
3 0.8438 0.4802 0.1347 0.1802
3 0.4688 0.879 0.0792 0.1481
3 0.559 0.7222 0.0708 0.1111
3 0.6882 0.9309 0.1236 0.1383
1 0.2181 0.3506 0.0306 0.0346
1 0.1868 0.4 0.0208 0.0346
1 0.2049 0.3889 0.0208 0.0321
1 0.2076 0.4284 0.0236 0.037
1 0.2174 0.4753 0.0264 0.037
1 0.1674 0.5123 0.0208 0.0222
1 0.1257 0.5432 0.0208 0.0346
1 0.0917 0.5 0.0222 0.0321
1 0.0639 0.6407 0.0278 0.0272
1 0.0868 0.7654 0.0403 0.0296
1 0.1826 0.6481 0.0208 0.037
1 0.2639 0.6691 0.025 0.0346
1 0.259 0.5185 0.0153 0.0346
1 0.2785 0.7519 0.0208 0.0321
1 0.2375 0.6914 0.0194 0.0247
1 0.2542 0.7111 0.0167 0.0247
1 0.191 0.7951 0.0292 0.0296
1 0.1229 0.8901 0.0264 0.0321
1 0.1958 0.5827 0.025 0.0247
1 0.1833 0.5679 0.025 0.0346
1 0.066 0.3099 0.0319 0.0469
1 0.0417 0.3827 0.0333 0.0296
