1 0.7812 0.3778 0.0653 0.0938
1 0.8167 0.0444 0.075 0.084
1 0.9083 0.0667 0.0917 0.0938
3 0.7465 0.0407 0.0597 0.0765
3 0.866 0.142 0.1264 0.1259
3 0.5549 0.958 0.0792 0.084
3 0.784 0.7481 0.0764 0.1383
2 0.8243 0.7272 0.0236 0.0222
2 0.591 0.4778 0.0292 0.037
2 0.3528 0.6963 0.0306 0.0395
0 0.5972 0.8185 0.05 0.1753
1 0.6972 0.4358 0.0778 0.1062
1 0.6306 0.6506 0.0611 0.1012
1 0.4958 0.7198 0.0611 0.0963
1 0.366 0.6333 0.0569 0.0864
1 0.484 0.4358 0.0625 0.1062
1 0.4236 0.458 0.0472 0.0864
1 0.3958 0.4222 0.0444 0.0642
1 0.366 0.3605 0.0403 0.0642
1 0.1951 0.5988 0.0847 0.1012
1 0.3312 0.3037 0.0681 0.084
1 0.2639 0.358 0.0611 0.0494
1 0.2451 0.2877 0.0625 0.0864
1 0.1708 0.1444 0.0583 0.0815
1 0.2069 0.037 0.0667 0.0593
3 0.6028 0.116 0.0528 0.0642
3 0.3708 0.1321 0.0667 0.0667
3 0.4306 0.3691 0.0444 0.0765
3 0.0222 0.4321 0.0417 0.1086
3 0.0569 0.0296 0.0861 0.0543
2 0.4736 0.3432 0.0222 0.0395
2 0.4743 0.2519 0.0153 0.0494
2 0.684 0.1654 0.0208 0.0296
2 0.6139 0.2296 0.0167 0.0247
2 0.6424 0.1691 0.0208 0.0272
1 0.0688 0.7235 0.1292 0.1185
3 0.2389 0.9099 0.1 0.1457
