0 0.4146 0.9049 0.0875 0.1901
0 0.4278 0.2062 0.0611 0.1753
0 0.3361 0.2173 0.0611 0.0988
0 0.6604 0.3383 0.1042 0.0938
0 0.6951 0.2358 0.0847 0.0914
0 0.9382 0.3901 0.0875 0.0938
0 0.8063 0.7321 0.1208 0.1802
1 0.7639 0.4802 0.0667 0.116
1 0.5965 0.384 0.0431 0.0914
1 0.534 0.3321 0.0458 0.1012
1 0.4917 0.2247 0.0389 0.0642
1 0.0667 0.1222 0.0583 0.0864
2 0.7917 0.8963 0.025 0.0395
2 0.6146 0.5543 0.0403 0.0617
2 0.0507 0.3901 0.0653 0.0938
2 0.2549 0.3568 0.0542 0.0815
2 0.5875 0.9272 0.0417 0.0914
