2 0.8451 0.9123 0.0319 0.0469
3 0.7583 0.2691 0.0361 0.0593
3 0.7382 0.4975 0.0514 0.0716
1 0.2104 0.4444 0.0347 0.0593
1 0.3083 0.4593 0.0306 0.0543
1 0.3479 0.3617 0.0403 0.0716
1 0.5451 0.063 0.0514 0.1062
1 0.6667 0.3222 0.0694 0.1111
1 0.5813 0.4988 0.0708 0.1185
1 0.5264 0.5988 0.0583 0.0963
1 0.5972 0.6259 0.0778 0.121
1 0.8069 0.4877 0.0722 0.1309
1 0.8361 0.6025 0.1 0.0889
1 0.9493 0.7198 0.1014 0.0914
1 0.6368 0.8148 0.0486 0.0938
1 0.3472 0.7852 0.075 0.1185
3 0.9118 0.2296 0.1069 0.0691
3 0.6708 0.1272 0.0694 0.0815
3 0.6021 0.3765 0.0403 0.0667
3 0.4875 0.3556 0.0556 0.0741
3 0.375 0.5333 0.0639 0.1284
3 0.4375 0.5012 0.0556 0.0988
3 0.4854 0.579 0.0681 0.1111
3 0.3153 0.7 0.0556 0.0765
3 0.4354 0.6667 0.0792 0.1284
3 0.3681 0.8679 0.0778 0.116
3 0.3125 0.0716 0.0611 0.079
3 0.1069 0.3333 0.0806 0.079
