2 0.8444 0.5963 0.0222 0.037
2 0.9778 0.7519 0.0361 0.0321
2 0.9549 0.6926 0.0375 0.0321
2 0.3743 0.5963 0.0208 0.0568
2 0.3549 0.863 0.0208 0.0272
2 0.5958 0.9 0.025 0.037
2 0.6896 0.8765 0.0264 0.0444
2 0.6667 0.8815 0.0278 0.0247
2 0.3382 0.4963 0.0347 0.0198
2 0.2444 0.7247 0.0333 0.042
2 0.2583 0.7852 0.0389 0.0444
0 0.2535 0.416 0.1542 0.2198
0 0.4403 0.0556 0.1889 0.1062
3 0.0833 0.3198 0.1639 0.1802
3 0.3028 0.9617 0.0667 0.0765
3 0.3083 0.6827 0.0889 0.1111
3 0.6014 0.0358 0.1056 0.0667
3 0.4646 0.5185 0.0597 0.0741
3 0.4924 0.5728 0.0847 0.1136
3 0.4097 0.6494 0.1028 0.1383
3 0.7861 0.4284 0.1417 0.1556
3 0.95 0.5296 0.1 0.1704
3 0.8653 0.7469 0.0639 0.0765
3 0.9611 0.8531 0.0778 0.116
3 0.9576 0.9457 0.0847 0.084
1 0.7646 0.2914 0.0819 0.0889
1 0.6 0.1802 0.1306 0.2123
1 0.5757 0.4864 0.1264 0.2123
1 0.6444 0.6852 0.0917 0.1506
1 0.4507 0.9469 0.0653 0.1062
1 0.0389 0.8333 0.0611 0.1062
1 0.0389 0.7593 0.075 0.1062
1 0.0514 0.0889 0.1 0.1481
3 0.1639 0.7173 0.0861 0.0963
