3 0.5997 0.8282 0.1057 0.2028
3 0.7542 0.9204 0.074 0.1593
3 0.8596 0.8981 0.0922 0.1315
3 0.8943 0.7259 0.0469 0.1333
3 0.9273 0.5755 0.1453 0.1565
3 0.8677 0.4486 0.1125 0.1861
3 0.7766 0.5625 0.1094 0.1861
3 0.7682 0.3815 0.0865 0.1481
3 0.8216 0.2194 0.0682 0.15
3 0.7297 0.2602 0.0896 0.1426
3 0.4604 0.8731 0.0938 0.1852
3 0.5081 0.7417 0.0859 0.1444
3 0.4839 0.6259 0.0844 0.137
3 0.363 0.5375 0.0917 0.1361
3 0.3146 0.6236 0.0594 0.0787
3 0.2219 0.8759 0.0865 0.1593
3 0.1734 0.5634 0.0885 0.112
3 0.2164 0.3921 0.0651 0.1343
3 0.438 0.3606 0.0854 0.1176
3 0.5146 0.3412 0.0875 0.1065
3 0.6242 0.1894 0.0474 0.0639
3 0.0672 0.2981 0.0583 0.1074
3 0.6396 0.5833 0.0625 0.1093
3 0.6667 0.3421 0.0646 0.1306
0 0.9195 0.2569 0.1297 0.1287
1 0.3682 0.9194 0.0563 0.1389
1 0.3536 0.7704 0.0573 0.0981
1 0.2917 0.7088 0.0469 0.0713
1 0.2122 0.6718 0.0589 0.1065
1 0.6089 0.5134 0.0813 0.1157
1 0.6859 0.4546 0.076 0.1481
1 0.5974 0.3884 0.0625 0.112
1 0.5471 0.088 0.0745 0.1
1 0.4927 0.175 0.0573 0.0963
1 0.4195 0.2579 0.0703 0.1269
1 0.3703 0.1125 0.0625 0.125
1 0.3133 0.2491 0.0682 0.1167
1 0.2568 0.1296 0.0823 0.1407
3 0.4776 0.0852 0.0688 0.0778
3 0.037 0.4986 0.0583 0.1028
3 0.1195 0.3444 0.0505 0.1259
3 0.1862 0.2213 0.0516 0.1315
3 0.1081 0.7986 0.0943 0.1028
3 0.4323 0.7194 0.0604 0.1259
3 0.6596 0.6704 0.0974 0.1259
3 0.4398 0.1384 0.0641 0.1417
