1 0.3326 0.8395 0.2819 0.321
1 0.0493 0.1951 0.0958 0.2025
2 0.0944 0.2654 0.1417 0.1556
0 0.0826 0.4383 0.1625 0.2988
0 0.0569 0.6222 0.1111 0.1235
0 0.0701 0.7531 0.1375 0.1679
0 0.1528 0.1272 0.1222 0.2099
0 0.2368 0.3654 0.1069 0.4296
1 0.3299 0.0667 0.1375 0.1284
3 0.3479 0.242 0.1986 0.242
2 0.3563 0.4235 0.1736 0.2049
2 0.3521 0.6296 0.1792 0.2667
1 0.5576 0.2642 0.1764 0.2469
0 0.5326 0.1642 0.2042 0.1556
2 0.3993 0.0704 0.1042 0.1259
2 0.475 0.0654 0.0972 0.0914
2 0.4694 0.1 0.1028 0.0716
2 0.6104 0.0667 0.1375 0.1284
1 0.6778 0.0321 0.05 0.0593
2 0.5806 0.3864 0.1111 0.1062
2 0.4965 0.5432 0.1458 0.2815
2 0.5729 0.7914 0.2208 0.3531
0 0.6493 0.9556 0.1986 0.0889
2 0.6181 0.5333 0.125 0.2321
2 0.709 0.6765 0.1653 0.3802
2 0.7444 0.3383 0.1861 0.2617
0 0.8215 0.7259 0.2986 0.4
2 0.8125 0.5012 0.1083 0.1037
2 0.8771 0.8642 0.1986 0.2716
1 0.9521 0.7333 0.0958 0.4296
2 0.9153 0.5062 0.1694 0.1926
1 0.9174 0.3654 0.1653 0.2469
1 0.8806 0.1272 0.1778 0.2198
3 0.7819 0.0494 0.1167 0.0938
