3 0.8347 0.3358 0.0333 0.0494
3 0.8569 0.4259 0.0417 0.0716
1 0.3396 0.6901 0.0347 0.0519
1 0.3431 0.8025 0.0528 0.1037
1 0.8944 0.7198 0.0639 0.1062
1 0.8708 0.6049 0.0583 0.084
1 0.5715 0.4358 0.0375 0.0716
1 0.4521 0.4951 0.0569 0.1062
1 0.2903 0.5296 0.0417 0.0716
1 0.2097 0.5765 0.0694 0.1012
1 0.1285 0.5889 0.0819 0.1062
3 0.8076 0.837 0.0486 0.0889
3 0.634 0.7519 0.0458 0.0815
3 0.4069 0.8827 0.0667 0.1259
3 0.3847 0.7284 0.0333 0.0494
3 0.2181 0.7778 0.1028 0.1185
3 0.0618 0.8321 0.0625 0.079
3 0.3097 0.6407 0.0306 0.0469
