0 0.0903 0.8827 0.15 0.2346
2 0.1715 0.8654 0.1264 0.1457
2 0.1819 0.9469 0.1111 0.1062
2 0.0903 0.7 0.1083 0.1556
1 0.0597 0.6309 0.1167 0.1259
0 0.1785 0.4 0.1292 0.1136
1 0.0986 0.484 0.125 0.1531
1 0.1708 0.5728 0.0861 0.1333
1 0.2444 0.584 0.0944 0.1259
1 0.2229 0.4741 0.1014 0.1531
1 0.1653 0.7123 0.1361 0.1457
1 0.3181 0.5198 0.0861 0.1605
1 0.3028 0.7654 0.1139 0.2173
1 0.3785 0.7321 0.0792 0.2
2 0.3701 0.5864 0.0958 0.1605
2 0.4507 0.4667 0.1292 0.2025
0 0.4111 0.3926 0.1056 0.1531
0 0.4847 0.7691 0.1722 0.3778
0 0.5125 0.6889 0.0694 0.2864
2 0.5889 0.6407 0.1167 0.2198
2 0.6792 0.7481 0.1111 0.2716
1 0.7451 0.8852 0.1403 0.2
2 0.6347 0.5062 0.1056 0.1432
2 0.6882 0.4123 0.0986 0.163
2 0.8562 0.279 0.1153 0.1037
1 0.7847 0.6852 0.1417 0.2543
1 0.8597 0.5827 0.1389 0.2272
0 0.9139 0.4259 0.0861 0.1407
2 0.9257 0.6025 0.0625 0.2123
2 0.9701 0.6704 0.0597 0.2198
2 0.7708 0.342 0.1056 0.1704
2 0.825 0.4469 0.0861 0.1333
2 0.9681 0.4654 0.0639 0.0963
1 0.8993 0.1309 0.0819 0.1185
1 0.9569 0.2926 0.075 0.1457
0 0.9674 0.1642 0.0653 0.1556
1 0.825 0.0593 0.0889 0.1136
2 0.9146 0.0284 0.1097 0.0519
2 0.5069 0.1049 0.0833 0.1111
3 0.0326 0.3074 0.0625 0.1407
0 0.3875 0.3519 0.0778 0.0914
