1 0.3993 0.1148 0.0431 0.0667
1 0.4493 0.9259 0.0514 0.1235
1 0.5896 0.9284 0.0597 0.1136
1 0.8069 0.0519 0.0556 0.0988
1 0.8118 0.258 0.0625 0.1062
1 0.634 0.4111 0.0458 0.0815
1 0.5201 0.3025 0.0319 0.0667
1 0.4354 0.3333 0.0264 0.0642
1 0.1486 0.2358 0.0444 0.0765
3 0.4403 0.679 0.0472 0.0741
3 0.6424 0.9247 0.0431 0.0716
3 0.9278 0.7815 0.0667 0.0765
3 0.7451 0.6593 0.0625 0.1136
3 0.541 0.7198 0.0458 0.0765
3 0.0319 0.7778 0.0611 0.1481
3 0.3549 0.9704 0.0514 0.0593
3 0.4882 0.9395 0.0403 0.0963
