1 0.6271 0.1037 0.0458 0.084
3 0.5847 0.5383 0.0306 0.0444
1 0.5361 0.542 0.0556 0.1012
3 0.4444 0.5321 0.05 0.0765
1 0.4076 0.5062 0.0431 0.1086
1 0.3368 0.9704 0.0597 0.0593
3 0.0319 0.2272 0.0611 0.1235
3 0.0153 0.5086 0.0278 0.1136
3 0.5708 0.2407 0.0361 0.0716
3 0.5549 0.1951 0.0347 0.0494
3 0.5826 0.1716 0.0319 0.0765
3 0.5069 0.3605 0.0417 0.0691
3 0.4181 0.3099 0.0417 0.0568
3 0.4215 0.7136 0.0319 0.0691
3 0.3236 0.5198 0.0528 0.0914
3 0.2917 0.6753 0.0861 0.1506
3 0.8444 0.4716 0.0528 0.0642
3 0.7007 0.3346 0.0569 0.1062
3 0.5813 0.8877 0.0431 0.0914
3 0.6285 0.8938 0.0403 0.084
3 0.6597 0.8457 0.0611 0.121
0 0.4208 0.3778 0.0667 0.0642
