2 0.4667 0.063 0.1028 0.121
2 0.8139 0.2395 0.1556 0.2321
2 0.925 0.3815 0.15 0.2198
2 0.9799 0.5444 0.0403 0.2691
1 0.9799 0.5531 0.0403 0.2519
1 0.9292 0.7877 0.1417 0.4247
2 0.8514 0.8556 0.2972 0.2889
2 0.7146 0.384 0.1542 0.2296
2 0.666 0.5568 0.1764 0.2346
0 0.4875 0.2494 0.2361 0.1383
0 0.5174 0.8704 0.1403 0.2593
2 0.6188 0.8062 0.2514 0.3877
2 0.4083 0.9185 0.1222 0.163
2 0.3604 0.5617 0.1486 0.2
1 0.3806 0.6506 0.2306 0.4469
1 0.2444 0.9444 0.2139 0.1111
2 0.3097 0.837 0.0417 0.2123
0 0.2417 0.7012 0.1417 0.4741
1 0.1493 0.7593 0.1681 0.3185
1 0.0479 0.7247 0.0931 0.2395
