2 0.1986 0.7037 0.1194 0.2321
0 0.3576 0.263 0.0875 0.1407
1 0.1146 0.5642 0.1792 0.2642
1 0.0563 0.8469 0.1097 0.2716
0 0.2313 0.8407 0.1847 0.3185
0 0.2188 0.784 0.1792 0.3284
0 0.2944 0.416 0.2083 0.2
2 0.2708 0.5025 0.0917 0.1111
2 0.35 0.537 0.1167 0.2346
2 0.2625 0.3 0.1111 0.1704
2 0.241 0.2272 0.0708 0.2173
2 0.3215 0.1481 0.1069 0.1333
1 0.4549 0.1864 0.1097 0.2444
2 0.4437 0.4049 0.0986 0.2321
0 0.4458 0.7025 0.2056 0.3432
0 0.5882 0.4667 0.2042 0.2765
2 0.566 0.7198 0.1903 0.3185
2 0.75 0.7889 0.2167 0.3531
0 0.6035 0.2309 0.1958 0.1654
2 0.5417 0.1407 0.1 0.1679
0 0.5667 0.084 0.0833 0.163
1 0.6528 0.0667 0.1361 0.1284
1 0.7444 0.2914 0.15 0.2123
1 0.9153 0.3827 0.1694 0.3259
2 0.7382 0.121 0.1181 0.2222
