1 0.8986 0.8852 0.0528 0.0963
1 0.7194 0.3457 0.0361 0.0691
1 0.6062 0.3827 0.0514 0.0938
1 0.6174 0.8444 0.0625 0.0988
1 0.5007 0.5481 0.0292 0.0741
1 0.5062 0.6296 0.0458 0.0938
1 0.3993 0.4148 0.0514 0.079
1 0.3333 0.4148 0.0583 0.084
1 0.3139 0.8506 0.0917 0.1457
3 0.5778 0.9654 0.0667 0.0691
3 0.7701 0.6494 0.0514 0.0741
3 0.9556 0.7543 0.0667 0.0914
3 0.8111 0.9519 0.0611 0.0963
3 0.541 0.5852 0.0375 0.0444
3 0.5535 0.721 0.0569 0.1037
3 0.4188 0.8222 0.0403 0.079
3 0.4132 0.5753 0.0792 0.0889
3 0.1965 0.4568 0.0597 0.0741
