2 0.9368 0.8432 0.1264 0.3136
2 0.6764 0.3642 0.05 0.1605
0 0.6722 0.2469 0.0694 0.1136
0 0.6569 0.1432 0.0833 0.1432
0 0.7465 0.2753 0.0847 0.1506
2 0.0472 0.8 0.0917 0.2469
1 0.3111 0.3617 0.0889 0.1012
1 0.2431 0.2407 0.1333 0.2395
1 0.2972 0.763 0.1639 0.2617
1 0.2847 0.9198 0.2056 0.1605
1 0.4688 0.8593 0.1903 0.2815
2 0.4424 0.7309 0.1597 0.2716
0 0.4299 0.4815 0.2097 0.2815
0 0.4493 0.3679 0.1069 0.237
2 0.4139 0.1531 0.1056 0.1728
2 0.5188 0.1889 0.1264 0.1605
2 0.5917 0.4654 0.1111 0.2198
0 0.7618 0.4556 0.2708 0.2296
0 0.7083 0.7877 0.15 0.3852
2 0.8257 0.2519 0.1514 0.1778
2 0.8417 0.6346 0.1528 0.2914
2 0.7958 0.8765 0.1778 0.2469
0 0.5417 0.2654 0.0833 0.1802
