0 0.6201 0.3988 0.0514 0.1407
2 0.091 0.9123 0.1708 0.1704
2 0.1951 0.7963 0.1347 0.2346
2 0.3139 0.7037 0.1222 0.2173
2 0.3292 0.8877 0.1 0.2247
2 0.125 0.3185 0.1056 0.1481
2 0.5785 0.2432 0.0819 0.1358
1 0.466 0.2716 0.0875 0.1679
1 0.5292 0.4012 0.0778 0.1111
0 0.4174 0.8852 0.1208 0.2296
2 0.4924 0.8617 0.1181 0.2469
1 0.5556 0.6605 0.125 0.1951
1 0.5924 0.8049 0.1431 0.2617
1 0.725 0.7728 0.1389 0.2716
2 0.6681 0.621 0.1278 0.116
0 0.8375 0.921 0.1556 0.158
2 0.9389 0.7654 0.1222 0.1877
0 0.8535 0.6889 0.0958 0.2519
0 0.6368 0.4778 0.1708 0.2049
0 0.8521 0.363 0.0542 0.0938
2 0.925 0.3556 0.0778 0.1383
2 0.7965 0.4025 0.0458 0.1185
0 0.859 0.3235 0.0736 0.1185
2 0.7576 0.4864 0.0708 0.1432
0 0.7424 0.3802 0.0792 0.084
0 0.8875 0.4704 0.1889 0.1407
2 0.9486 0.5963 0.1028 0.2
0 0.734 0.2864 0.1514 0.1432
