1 0.1618 0.7543 0.2292 0.4568
0 0.059 0.8173 0.1125 0.3654
3 0.0514 0.4309 0.1 0.1951
3 0.0694 0.2012 0.125 0.1506
1 0.1319 0.3951 0.1528 0.2321
2 0.1396 0.5259 0.1347 0.2765
0 0.1924 0.2259 0.1042 0.1062
1 0.275 0.1778 0.1417 0.2074
1 0.2868 0.2975 0.1264 0.1901
2 0.2583 0.5025 0.1083 0.2395
2 0.3417 0.8519 0.1917 0.2963
2 0.2493 0.7864 0.0764 0.3235
1 0.6056 0.8481 0.3083 0.3037
2 0.5076 0.7914 0.1819 0.2198
0 0.5625 0.6284 0.4472 0.2741
2 0.3243 0.6432 0.0986 0.1457
2 0.4076 0.5198 0.1292 0.1358
2 0.825 0.4926 0.2222 0.2642
2 0.6042 0.4716 0.1389 0.1778
0 0.4458 0.379 0.1639 0.279
2 0.5319 0.3642 0.125 0.1506
2 0.3743 0.3136 0.1125 0.1531
1 0.4056 0.1457 0.1306 0.2123
1 0.4965 0.1778 0.1514 0.2667
1 0.5819 0.0802 0.1389 0.1556
1 0.6556 0.2296 0.1583 0.2716
2 0.6639 0.3568 0.125 0.0617
1 0.7222 0.1173 0.1417 0.2247
0 0.8729 0.1568 0.2264 0.3086
0 0.9229 0.063 0.1514 0.121
