1 0.4437 0.8667 0.0931 0.1728
1 0.1674 0.9321 0.1153 0.1358
3 0.2583 0.9654 0.0639 0.0691
3 0.6417 0.8506 0.0556 0.0815
3 0.6861 0.6951 0.0611 0.1111
3 0.8715 0.5346 0.0792 0.1259
3 0.6819 0.3704 0.0556 0.0494
3 0.7194 0.4185 0.05 0.0617
3 0.6639 0.4889 0.0694 0.0642
3 0.1604 0.7247 0.0597 0.0963
3 0.3306 0.742 0.0389 0.042
3 0.0354 0.684 0.0514 0.0938
1 0.1056 0.5481 0.0694 0.0691
1 0.2431 0.5272 0.0583 0.0617
1 0.3187 0.4938 0.0597 0.0741
1 0.5188 0.763 0.0681 0.1185
1 0.5208 0.9235 0.1028 0.1531
1 0.5403 0.416 0.0778 0.1062
1 0.7993 0.3753 0.0958 0.1235
1 0.7819 0.0963 0.0417 0.0741
1 0.6028 0.0407 0.0417 0.0765
1 0.1458 0.4827 0.0444 0.0617
