0 0.5243 0.4753 0.0542 0.0864
0 0.4299 0.5259 0.0625 0.1333
1 0.484 0.4889 0.0514 0.0938
1 0.4972 0.6568 0.0556 0.1235
1 0.5472 0.6864 0.0639 0.1086
2 0.5299 0.5901 0.0514 0.0741
2 0.5778 0.5951 0.0611 0.0889
2 0.5667 0.7198 0.0583 0.1062
2 0.6035 0.6679 0.0514 0.0864
2 0.6257 0.621 0.0597 0.0667
2 0.6056 0.7889 0.0778 0.1012
2 0.6465 0.7469 0.0542 0.0716
0 0.6236 0.7037 0.0639 0.079
1 0.7174 0.7173 0.0625 0.0963
0 0.8028 0.7321 0.0667 0.116
1 0.6368 0.8728 0.0764 0.1407
1 0.7 0.7605 0.0694 0.1086
0 0.6813 0.8272 0.0708 0.0642
1 0.7542 0.8506 0.0806 0.1309
2 0.634 0.4247 0.0486 0.0593
1 0.7736 0.5506 0.0444 0.1136
2 0.6868 0.6444 0.0569 0.0938
2 0.7479 0.6543 0.0681 0.0938
2 0.7812 0.7975 0.0792 0.0938
2 0.8653 0.6099 0.0694 0.0938
2 0.8847 0.8148 0.0806 0.0988
2 0.9625 0.8654 0.075 0.1259
0 0.7708 0.9469 0.0861 0.1062
3 0.4375 0.2988 0.0361 0.0395
