1 0.9306 0.584 0.0389 0.0667
1 0.8375 0.8111 0.0389 0.0963
1 0.834 0.6235 0.0514 0.0815
1 0.7083 0.4074 0.0417 0.0543
1 0.534 0.2469 0.0403 0.079
1 0.3937 0.0531 0.0375 0.0617
1 0.4076 0.1222 0.0431 0.0568
1 0.3875 0.2691 0.0528 0.1037
1 0.2417 0.2926 0.0583 0.0519
1 0.3111 0.5333 0.0722 0.0938
1 0.5611 0.6815 0.0611 0.0938
1 0.4646 0.5321 0.0681 0.121
3 0.7285 0.7173 0.0542 0.0765
3 0.7042 0.7877 0.0694 0.1235
3 0.6146 0.7 0.0708 0.116
3 0.5153 0.9704 0.0694 0.0593
3 0.3278 0.7284 0.0583 0.0889
3 0.2826 0.9457 0.0792 0.1086
3 0.0472 0.9642 0.0889 0.0716
