0 0.9694 0.5506 0.0611 0.0741
1 0.3306 0.5667 0.0389 0.0716
1 0.2889 0.4457 0.0417 0.0667
1 0.2931 0.3864 0.0389 0.0617
1 0.3507 0.216 0.0347 0.0568
1 0.4424 0.0432 0.0458 0.0815
1 0.534 0.0864 0.0486 0.079
3 0.6229 0.0716 0.0569 0.0889
1 0.6764 0.1198 0.0444 0.0815
1 0.8847 0.5531 0.0778 0.1037
1 0.5701 0.6173 0.0597 0.1235
1 0.4535 0.9519 0.0597 0.0963
1 0.7854 0.8938 0.0875 0.1728
3 0.6062 0.5407 0.0486 0.079
3 0.6424 0.5235 0.0458 0.0741
1 0.3236 0.7938 0.0583 0.0914
1 0.25 0.916 0.0694 0.1235
1 0.775 0.3864 0.0472 0.0765
3 0.8083 0.2062 0.05 0.0963
