3 0.6424 0.1951 0.0431 0.0741
3 0.5222 0.4173 0.05 0.0593
1 0.5007 0.3568 0.0514 0.0617
1 0.3583 0.3815 0.05 0.0815
1 0.5826 0.3 0.0514 0.0963
1 0.3736 0.821 0.0611 0.1111
1 0.4382 0.8086 0.0681 0.0963
1 0.4868 0.6765 0.0542 0.1037
1 0.3403 0.5802 0.0472 0.0741
1 0.3486 0.6444 0.0417 0.0691
1 0.0708 0.4654 0.0556 0.0568
1 0.1382 0.5852 0.0597 0.0691
1 0.2437 0.9148 0.0792 0.1309
3 0.3056 0.6247 0.0528 0.0593
3 0.2549 0.8012 0.0569 0.0765
3 0.1694 0.763 0.0583 0.079
3 0.9215 0.2136 0.0875 0.1012
3 0.7854 0.6938 0.0736 0.0988
