3 0.5875 0.5407 0.0306 0.0494
1 0.6597 0.0938 0.0361 0.0593
3 0.05 0.5469 0.0944 0.1012
3 0.159 0.5296 0.0847 0.0765
3 0.3417 0.5877 0.05 0.0741
3 0.6264 0.3975 0.0556 0.079
3 0.5778 0.3444 0.0444 0.0716
3 0.7076 0.2333 0.0458 0.0568
3 0.5854 0.1444 0.0375 0.0617
1 0.2701 0.8074 0.0958 0.1481
1 0.109 0.4531 0.0958 0.1309
1 0.1528 0.2556 0.05 0.0765
1 0.4833 0.3519 0.0333 0.0667
1 0.5271 0.3716 0.0319 0.0617
1 0.6937 0.8877 0.0792 0.1407
1 0.8854 0.7407 0.0792 0.1481
3 0.9785 0.7728 0.0431 0.1383
3 0.8146 0.9148 0.0764 0.121
3 0.7562 0.816 0.0736 0.1012
