0 0.1083 0.7062 0.2139 0.3852
2 0.0368 0.3617 0.0708 0.1358
2 0.0319 0.2148 0.0611 0.163
0 0.1153 0.3852 0.1528 0.1086
0 0.1257 0.4617 0.1931 0.0938
0 0.2431 0.2877 0.0917 0.1358
2 0.1889 0.2025 0.0889 0.0691
0 0.1507 0.1605 0.0903 0.0889
2 0.1604 0.5123 0.1792 0.1605
2 0.3028 0.4086 0.1278 0.1704
1 0.4021 0.5185 0.1236 0.2222
1 0.475 0.3679 0.1389 0.242
0 0.3694 0.6395 0.1639 0.3802
2 0.3097 0.7272 0.0861 0.2296
0 0.2271 0.716 0.1042 0.3407
0 0.3299 0.9173 0.2847 0.1654
0 0.5264 0.7654 0.125 0.4691
0 0.7931 0.9321 0.175 0.1358
1 0.3368 0.1704 0.1069 0.1728
2 0.3799 0.1185 0.1014 0.079
0 0.6201 0.4889 0.2042 0.1926
2 0.6201 0.5617 0.1431 0.1111
2 0.5938 0.342 0.1181 0.1062
0 0.4229 0.2432 0.1125 0.1407
2 0.4792 0.2778 0.1278 0.0765
2 0.5153 0.2012 0.1167 0.1111
2 0.4424 0.121 0.0625 0.0741
2 0.5076 0.0901 0.1153 0.1309
1 0.6028 0.2012 0.1056 0.1852
1 0.7868 0.7148 0.1819 0.2938
1 0.8688 0.5148 0.1792 0.2494
2 0.9451 0.5815 0.1097 0.1852
0 0.9062 0.4235 0.1875 0.1457
0 0.8438 0.3593 0.1819 0.1111
0 0.7993 0.2963 0.1819 0.1481
1 0.6833 0.1802 0.0917 0.1877
1 0.766 0.1679 0.1097 0.1778
3 0.8715 0.1728 0.1597 0.1778
1 0.625 0.0247 0.0722 0.0444
2 0.6937 0.037 0.1014 0.0691
2 0.7812 0.0617 0.0819 0.0988
0 0.8306 0.0543 0.0806 0.1037
1 0.8806 0.0395 0.0722 0.0741
2 0.9431 0.0432 0.1139 0.0815
2 0.9417 0.1099 0.1167 0.116
0 0.9326 0.3247 0.1347 0.0864
2 0.0292 0.6691 0.0556 0.1531
