1 0.9187 0.0926 0.1625 0.1802
0 0.7639 0.0333 0.0889 0.0617
0 0.7389 0.0975 0.1333 0.1012
0 0.7917 0.2062 0.1861 0.2049
0 0.9049 0.3284 0.1903 0.2123
2 0.9118 0.4864 0.1764 0.2765
2 0.6819 0.2086 0.1 0.1852
2 0.6014 0.1259 0.1278 0.1531
2 0.4979 0.0642 0.1097 0.1185
0 0.3604 0.1444 0.0847 0.2247
0 0.4889 0.1543 0.1694 0.1753
0 0.5889 0.279 0.1194 0.2025
1 0.7396 0.3346 0.2125 0.2741
1 0.5868 0.4407 0.1208 0.2296
2 0.8993 0.8173 0.2014 0.3062
2 0.7243 0.863 0.1903 0.2741
0 0.7361 0.716 0.4472 0.558
0 0.4639 0.4506 0.1583 0.3432
0 0.1486 0.3198 0.1639 0.2099
0 0.1944 0.4457 0.1583 0.1506
2 0.1646 0.0815 0.1125 0.1383
2 0.0653 0.8914 0.1278 0.2173
0 0.2819 0.5864 0.4389 0.2988
1 0.4049 0.937 0.1819 0.1259
