2 0.0514 0.3222 0.1 0.1309
2 0.1007 0.9321 0.1847 0.1358
2 0.1264 0.7568 0.1944 0.284
3 0.6701 0.8321 0.2625 0.3358
2 0.2437 0.7284 0.1125 0.2173
1 0.2174 0.9469 0.1431 0.1062
1 0.3264 0.9346 0.1472 0.1309
1 0.4972 0.8765 0.1889 0.2469
2 0.4618 0.7988 0.1431 0.2346
2 0.4743 0.6543 0.1181 0.1728
0 0.3257 0.7642 0.1903 0.3037
0 0.3521 0.8099 0.1514 0.237
3 0.2403 0.4951 0.1444 0.2247
1 0.3896 0.421 0.0986 0.1556
3 0.4299 0.2605 0.1208 0.1259
3 0.4007 0.1148 0.1014 0.1259
2 0.4653 0.4864 0.1222 0.1728
2 0.5875 0.6407 0.1417 0.2593
0 0.6292 0.5494 0.1861 0.2148
0 0.6382 0.5086 0.0931 0.2173
1 0.7417 0.4198 0.1472 0.2617
0 0.9736 0.9185 0.0528 0.163
2 0.8417 0.721 0.2028 0.2716
2 0.9382 0.6765 0.1236 0.2519
2 0.8715 0.4951 0.1486 0.2148
2 0.966 0.463 0.0681 0.1309
0 0.5507 0.137 0.1042 0.0864
1 0.5528 0.2346 0.1083 0.158
2 0.8306 0.3247 0.0944 0.0914
2 0.6278 0.3185 0.1167 0.1531
2 0.7063 0.2889 0.0764 0.1086
2 0.7806 0.2296 0.0889 0.0938
2 0.766 0.1852 0.0792 0.0938
1 0.6354 0.0914 0.0958 0.1778
1 0.6958 0.1667 0.0944 0.1259
1 0.7368 0.0691 0.0986 0.1333
1 0.8104 0.0778 0.0792 0.1457
1 0.8889 0.037 0.0889 0.0691
0 0.9201 0.3383 0.1597 0.1235
0 0.8715 0.1963 0.1236 0.2099
1 0.9812 0.1173 0.0375 0.1901
2 0.9299 0.221 0.0653 0.0914
0 0.959 0.0333 0.0708 0.0617
