0 0.0639 0.263 0.125 0.1259
1 0.1083 0.7519 0.1472 0.2049
1 0.0889 0.9148 0.15 0.1704
1 0.0806 0.5235 0.1278 0.1926
1 0.1826 0.5444 0.1153 0.1951
1 0.2528 0.6914 0.1306 0.237
1 0.2431 0.9062 0.125 0.1877
2 0.3389 0.7802 0.1333 0.2173
1 0.3306 0.5543 0.1056 0.1605
1 0.2903 0.4222 0.1028 0.158
1 0.241 0.3296 0.1042 0.1753
1 0.3396 0.3099 0.0819 0.1556
1 0.3681 0.2383 0.0889 0.1457
1 0.4167 0.3877 0.0861 0.1679
1 0.4639 0.1136 0.0861 0.1432
1 0.5028 0.2099 0.0917 0.1383
1 0.5181 0.3037 0.0917 0.158
1 0.4986 0.4642 0.1028 0.1827
1 0.4326 0.5938 0.1069 0.1852
1 0.4417 0.863 0.1278 0.2593
1 0.5694 0.8691 0.1222 0.2321
1 0.6035 0.3617 0.0986 0.1556
1 0.6076 0.4938 0.1042 0.163
1 0.5965 0.6506 0.1069 0.1802
1 0.7007 0.7444 0.1347 0.2395
1 0.041 0.7198 0.0792 0.2049
