2 0.9507 0.184 0.0986 0.1802
1 0.9236 0.3173 0.1528 0.2346
1 0.8132 0.0988 0.2097 0.1926
0 0.8403 0.4877 0.2139 0.5852
1 0.7819 0.8951 0.15 0.2099
0 0.6722 0.7012 0.2833 0.2123
1 0.6903 0.4259 0.1056 0.2099
2 0.6889 0.1938 0.1306 0.3086
1 0.5701 0.2938 0.1597 0.321
1 0.5208 0.0815 0.1306 0.158
1 0.4521 0.1802 0.1514 0.2617
2 0.5389 0.5704 0.1667 0.2321
2 0.4681 0.4407 0.0694 0.2642
2 0.2562 0.0988 0.1542 0.1926
1 0.3826 0.3716 0.1653 0.279
1 0.1812 0.2704 0.1486 0.2642
1 0.416 0.6901 0.1403 0.2444
1 0.5437 0.8395 0.1625 0.2617
0 0.1833 0.816 0.1111 0.3679
0 0.2917 0.7321 0.1417 0.4272
2 0.1778 0.9444 0.1056 0.1111
2 0.1271 0.7593 0.0736 0.2444
0 0.1062 0.5877 0.1597 0.2914
2 0.9479 0.0519 0.1042 0.0988
