1 0.584 0.1481 0.0847 0.1284
2 0.0278 0.2296 0.0528 0.1481
2 0.0917 0.179 0.0944 0.1111
0 0.0563 0.9198 0.1069 0.1605
2 0.1722 0.9062 0.1528 0.1877
0 0.2299 0.9444 0.2042 0.1111
0 0.1403 0.7593 0.1806 0.2198
0 0.1951 0.6667 0.1458 0.237
2 0.2882 0.721 0.1292 0.2321
1 0.4097 0.8605 0.2278 0.279
1 0.4688 0.6691 0.1347 0.2321
1 0.3979 0.6049 0.1347 0.237
1 0.7069 0.8469 0.1806 0.3062
0 0.8486 0.8469 0.175 0.3062
0 0.8507 0.5444 0.2292 0.363
0 0.6326 0.6852 0.2486 0.2198
1 0.7111 0.4852 0.1667 0.2543
1 0.3694 0.416 0.1111 0.1605
0 0.584 0.5691 0.1542 0.2
1 0.5167 0.4494 0.1167 0.2123
0 0.5285 0.4321 0.1931 0.163
2 0.7104 0.3062 0.1375 0.1728
2 0.8444 0.2457 0.1306 0.1506
0 0.441 0.3852 0.0736 0.2519
0 0.35 0.2593 0.0444 0.158
1 0.3951 0.2173 0.0847 0.163
1 0.4437 0.1802 0.1014 0.1383
1 0.5104 0.2543 0.0986 0.163
1 0.6049 0.263 0.1069 0.2148
1 0.6715 0.1827 0.0958 0.163
1 0.7812 0.1407 0.0792 0.1136
2 0.5785 0.1173 0.1014 0.1358
0 0.4222 0.1025 0.0667 0.0914
1 0.4444 0.0556 0.0972 0.1062
1 0.5361 0.058 0.0833 0.1111
0 0.8618 0.1543 0.1014 0.1605
1 0.8944 0.0494 0.0944 0.0938
0 0.9694 0.0395 0.0583 0.0741
