0 0.0451 0.8914 0.0875 0.1037
1 0.1014 0.7321 0.1694 0.2148
2 0.4215 0.8086 0.1458 0.2395
2 0.2951 0.8383 0.0931 0.2099
2 0.2035 0.9556 0.1208 0.0889
2 0.1361 0.8938 0.1167 0.2123
2 0.0639 0.8025 0.0833 0.0741
2 0.3354 0.6753 0.0903 0.1654
2 0.05 0.5358 0.0972 0.163
0 0.3333 0.5185 0.1056 0.163
0 0.2514 0.5235 0.0833 0.1827
1 0.1764 0.579 0.1056 0.1753
1 0.141 0.4407 0.0875 0.1457
1 0.209 0.4506 0.0792 0.1309
1 0.225 0.3111 0.0917 0.1531
0 0.5854 0.7037 0.0819 0.316
1 0.4965 0.484 0.1236 0.1926
2 0.4861 0.5815 0.1167 0.1012
2 0.4174 0.3914 0.0514 0.1309
0 0.3875 0.4593 0.0833 0.1679
0 0.3715 0.3519 0.0958 0.1605
1 0.4632 0.3173 0.0653 0.1506
1 0.5049 0.2654 0.0653 0.121
0 0.7063 0.4679 0.1903 0.1704
0 0.7604 0.4062 0.1403 0.1111
1 0.5507 0.3716 0.0986 0.1556
1 0.7167 0.3481 0.0861 0.1432
1 0.7903 0.2457 0.1 0.1457
1 0.6312 0.3012 0.0681 0.1531
1 0.6868 0.2259 0.0764 0.1309
1 0.7167 0.158 0.0778 0.163
1 0.8785 0.1309 0.1042 0.1481
3 0.9264 0.0988 0.1111 0.1284
2 0.6576 0.1679 0.0597 0.1185
2 0.6889 0.0827 0.0833 0.0914
2 0.5951 0.0605 0.0819 0.0864
2 0.5368 0.058 0.0708 0.0765
2 0.4257 0.2099 0.0875 0.084
0 0.3896 0.0864 0.1347 0.079
1 0.5819 0.1765 0.0889 0.1753
0 0.516 0.1568 0.0708 0.0963
1 0.4882 0.037 0.0819 0.0691
