3 0.6576 0.5346 0.0569 0.0765
3 0.6312 0.5901 0.0458 0.0691
3 0.8743 0.5222 0.0514 0.0667
3 0.9104 0.7346 0.0653 0.1062
3 0.9854 0.9272 0.0292 0.121
3 0.5236 0.3901 0.0389 0.0691
3 0.6396 0.3469 0.0514 0.0914
3 0.8493 0.2827 0.0431 0.0667
3 0.6257 0.2407 0.0347 0.0469
3 0.5153 0.2 0.0639 0.0741
3 0.0979 0.4383 0.0431 0.0716
3 0.3153 0.1247 0.0556 0.0815
1 0.4424 0.3938 0.0681 0.1111
1 0.4382 0.0716 0.0542 0.084
1 0.4958 0.0704 0.0556 0.0963
1 0.8069 0.0272 0.0417 0.0494
1 0.6896 0.0469 0.0431 0.0741
1 0.6958 0.4383 0.0583 0.0815
1 0.9632 0.5074 0.0514 0.0963
3 0.4118 0.2235 0.0486 0.0667
