0 0.2417 0.8864 0.0833 0.2272
1 0.3056 0.7111 0.0639 0.1432
2 0.3479 0.5716 0.0736 0.1358
0 0.3021 0.8667 0.0458 0.1877
1 0.3299 0.5148 0.0708 0.1309
1 0.3861 0.4222 0.0778 0.1481
1 0.4375 0.3136 0.0667 0.1284
1 0.4528 0.4716 0.0722 0.1432
1 0.4208 0.6074 0.0833 0.1037
1 0.3833 0.6864 0.0861 0.1235
1 0.35 0.8272 0.0917 0.1679
0 0.3826 0.9432 0.1708 0.1136
1 0.4431 0.8062 0.1 0.1704
0 0.4896 0.3691 0.0625 0.2395
0 0.4653 0.6494 0.0944 0.2025
0 0.5125 0.6938 0.075 0.2864
1 0.5014 0.9099 0.1028 0.1802
1 0.5896 0.821 0.1014 0.1951
1 0.7417 0.8815 0.1389 0.237
1 0.6701 0.6778 0.1097 0.1951
1 0.8118 0.5173 0.1403 0.2
1 0.584 0.5975 0.0819 0.158
1 0.6632 0.4852 0.1125 0.1951
1 0.5708 0.4901 0.0806 0.1309
1 0.5396 0.3802 0.0847 0.163
1 0.5993 0.2975 0.0847 0.1309
0 0.5972 0.242 0.1472 0.158
0 0.5521 0.2222 0.1069 0.1333
0 0.5167 0.1284 0.0417 0.1778
1 0.6778 0.2963 0.0861 0.163
1 0.559 0.0975 0.0597 0.1309
1 0.6174 0.1222 0.0708 0.1358
0 0.7035 0.1284 0.1514 0.2519
1 0.8028 0.1716 0.0889 0.1358
0 0.7562 0.3247 0.1042 0.2296
0 0.9535 0.0802 0.0931 0.1556
1 0.3569 0.9654 0.1222 0.0691
0 0.4681 0.1506 0.0667 0.1086
0 0.4715 0.2136 0.0514 0.1062
