0 0.3569 0.6741 0.0861 0.242
0 0.5097 0.4654 0.1444 0.1556
2 0.7278 0.4284 0.0583 0.1062
0 0.559 0.084 0.0736 0.163
0 0.5007 0.037 0.0681 0.0691
0 0.1812 0.721 0.0653 0.1778
0 0.2451 0.742 0.0514 0.1753
0 0.2625 0.9605 0.1583 0.079
0 0.3681 0.8222 0.1944 0.2963
0 0.3819 0.9074 0.1194 0.1309
1 0.5236 0.963 0.0944 0.0741
1 0.4417 0.9691 0.0944 0.0617
1 0.4813 0.8272 0.1208 0.237
1 0.6028 0.8691 0.1194 0.2123
2 0.6951 0.9395 0.1403 0.121
0 0.6028 0.6469 0.1361 0.3605
1 0.559 0.6395 0.0931 0.1877
0 0.3576 0.5185 0.1292 0.1679
0 0.4646 0.5481 0.1319 0.1975
1 0.4306 0.5617 0.0639 0.116
0 0.3972 0.3222 0.1111 0.2198
0 0.4715 0.2037 0.0958 0.2148
1 0.7069 0.5654 0.1028 0.1926
1 0.7292 0.7593 0.1472 0.2346
1 0.616 0.4469 0.1014 0.158
1 0.509 0.3778 0.0931 0.1383
0 0.6396 0.3568 0.2181 0.1704
2 0.6826 0.2617 0.1319 0.158
0 0.7965 0.2963 0.2292 0.1827
0 0.3583 0.2506 0.0667 0.1309
0 0.3257 0.1062 0.0625 0.1086
0 0.4451 0.0728 0.0764 0.1407
1 0.5604 0.1951 0.0653 0.1136
0 0.6326 0.1284 0.2875 0.1926
1 0.659 0.0519 0.0625 0.0988
2 0.7514 0.0383 0.1139 0.0716
