1 0.441 0.1173 0.0458 0.0667
1 0.0243 0.3025 0.0458 0.0914
1 0.0194 0.5284 0.0361 0.1284
0 0.0563 0.4605 0.1069 0.1605
2 0.1528 0.4975 0.0833 0.0815
2 0.109 0.4531 0.0625 0.0716
2 0.116 0.3765 0.0764 0.0914
0 0.0694 0.3691 0.0694 0.1111
1 0.0868 0.3074 0.0764 0.1309
1 0.1583 0.3346 0.0722 0.1309
1 0.2104 0.3358 0.0514 0.084
0 0.2715 0.4346 0.1097 0.1383
1 0.2896 0.3481 0.0569 0.079
0 0.3278 0.6889 0.0889 0.079
1 0.3292 0.5802 0.075 0.1037
1 0.3639 0.4963 0.0667 0.1037
1 0.4042 0.5605 0.0667 0.1136
1 0.4028 0.4222 0.0417 0.084
2 0.4681 0.5864 0.0444 0.0815
0 0.5 0.6469 0.0528 0.1926
0 0.5139 0.5395 0.1306 0.0667
0 0.6319 0.6185 0.1139 0.1062
1 0.4188 0.4617 0.0458 0.0889
2 0.4076 0.3741 0.0514 0.0716
1 0.4604 0.4296 0.0597 0.1136
2 0.4493 0.279 0.0375 0.0444
0 0.4972 0.4012 0.0389 0.0617
2 0.4778 0.4506 0.0361 0.0815
2 0.5174 0.4642 0.0597 0.0642
1 0.5174 0.2679 0.0319 0.0765
1 0.5604 0.3864 0.0431 0.0765
1 0.5625 0.4778 0.05 0.0864
1 0.5854 0.4321 0.0542 0.1037
0 0.6201 0.442 0.0458 0.1284
2 0.5729 0.2815 0.0403 0.0444
0 0.725 0.5395 0.0583 0.0617
2 0.6903 0.4506 0.0556 0.0667
2 0.7069 0.4062 0.0444 0.0667
2 0.7326 0.4568 0.0431 0.0889
1 0.7597 0.3877 0.0611 0.1185
0 0.8063 0.3815 0.0681 0.116
1 0.816 0.3173 0.0569 0.0914
1 0.8549 0.4284 0.0681 0.1062
1 0.8931 0.3457 0.0556 0.0889
0 0.8653 0.4951 0.0944 0.0914
0 0.916 0.7642 0.1181 0.1506
