1 0.9708 0.2963 0.0583 0.1481
2 0.9667 0.1679 0.0667 0.1086
1 0.8396 0.0469 0.0625 0.0889
2 0.9764 0.0679 0.0472 0.0864
2 0.9201 0.1185 0.0847 0.0938
0 0.8507 0.137 0.1236 0.1605
1 0.7465 0.0309 0.0514 0.0568
1 0.6771 0.0222 0.0514 0.0395
1 0.5861 0.0247 0.0528 0.0444
2 0.7417 0.2012 0.0833 0.0765
2 0.6722 0.1469 0.0583 0.0667
0 0.6271 0.1519 0.1403 0.1802
1 0.5931 0.2025 0.0833 0.1333
2 0.5382 0.1259 0.0597 0.0988
2 0.5188 0.2025 0.0736 0.0593
2 0.4632 0.1654 0.0792 0.0741
1 0.4972 0.0691 0.075 0.1136
0 0.3771 0.2642 0.1347 0.163
0 0.3632 0.4 0.1181 0.1679
1 0.3132 0.0938 0.0764 0.1037
1 0.2382 0.0667 0.0847 0.1086
0 0.284 0.1593 0.1125 0.0914
0 0.2687 0.2 0.0931 0.079
2 0.2931 0.2753 0.0833 0.0914
0 0.2264 0.2457 0.075 0.2148
2 0.1778 0.2889 0.0833 0.0889
1 0.1583 0.2247 0.0778 0.1037
1 0.0694 0.2481 0.0889 0.116
0 0.0938 0.1358 0.0542 0.1185
1 0.1021 0.0494 0.0819 0.079
0 0.1889 0.4951 0.1778 0.1753
0 0.4306 0.263 0.1167 0.1407
3 0.3778 0.1333 0.1083 0.1235
