3 0.9549 0.2284 0.0903 0.1457
2 0.9243 0.8753 0.1514 0.2494
0 0.9333 0.5568 0.1194 0.1852
1 0.8604 0.2728 0.0986 0.0963
2 0.9049 0.3765 0.1264 0.1605
2 0.85 0.5469 0.1222 0.1802
2 0.7889 0.4593 0.0778 0.1235
2 0.7458 0.4988 0.0611 0.1481
0 0.6903 0.3889 0.1278 0.1358
3 0.7674 0.2716 0.1236 0.1531
2 0.6896 0.2889 0.0708 0.1086
2 0.6431 0.2259 0.1028 0.1654
2 0.5819 0.163 0.0556 0.0889
1 0.6882 0.5111 0.1042 0.1728
1 0.6097 0.4593 0.0917 0.1728
1 0.5778 0.3877 0.0778 0.1235
2 0.5757 0.3012 0.0708 0.0889
0 0.5236 0.2667 0.0722 0.0691
2 0.5167 0.3469 0.0694 0.1012
2 0.5118 0.4556 0.0875 0.1358
2 0.4653 0.5432 0.0667 0.1778
3 0.8035 0.7062 0.2181 0.3012
0 0.6806 0.7519 0.2167 0.3086
0 0.5799 0.6951 0.1347 0.2247
0 0.5299 0.784 0.1653 0.1753
2 0.6292 0.9062 0.0944 0.1877
1 0.5403 0.8938 0.1 0.2123
1 0.3715 0.7037 0.0986 0.1728
0 0.2278 0.8531 0.1556 0.1802
0 0.1979 0.5852 0.1264 0.2074
0 0.1403 0.7025 0.0972 0.1852
2 0.2146 0.6605 0.0986 0.1309
0 0.2743 0.5383 0.1875 0.1333
0 0.4243 0.4963 0.0958 0.2272
0 0.3542 0.4259 0.1139 0.1012
0 0.3521 0.3198 0.0792 0.0765
1 0.4437 0.3284 0.0819 0.1185
1 0.5181 0.1679 0.0694 0.1136
2 0.4951 0.1062 0.0625 0.0642
0 0.4799 0.0704 0.0597 0.0765
2 0.4507 0.0407 0.0653 0.0765
2 0.4118 0.1086 0.0625 0.084
2 0.3514 0.1222 0.0611 0.1111
0 0.4299 0.2099 0.0986 0.1136
2 0.3111 0.237 0.0722 0.0741
0 0.2611 0.2037 0.0972 0.0815
0 0.2771 0.3 0.0708 0.0963
0 0.2417 0.3358 0.0417 0.163
2 0.1965 0.3 0.0931 0.1259
