1 0.4979 0.4235 0.0653 0.121
1 0.4292 0.4111 0.0639 0.1062
3 0.884 0.3173 0.0986 0.1062
1 0.3812 0.1568 0.0403 0.0617
1 0.2674 0.3494 0.0569 0.1012
1 0.3688 0.4654 0.0653 0.1012
1 0.6479 0.2531 0.0625 0.116
1 0.7681 0.3272 0.0556 0.0716
1 0.9569 0.463 0.0861 0.1506
1 0.6299 0.6827 0.0681 0.0963
3 0.716 0.9457 0.0819 0.1086
1 0.5993 0.9395 0.0597 0.1111
1 0.4868 0.9395 0.0847 0.121
1 0.3889 0.9778 0.0917 0.0444
1 0.3861 0.8383 0.0861 0.1506
1 0.2715 0.9358 0.0597 0.1086
1 0.1201 0.9272 0.0847 0.1358
