0 0.6299 0.3111 0.0542 0.1086
0 0.6222 0.1556 0.0583 0.0543
0 0.7056 0.242 0.0333 0.1185
2 0.4743 0.2284 0.0514 0.0815
0 0.384 0.8741 0.0931 0.0889
2 0.4083 0.9716 0.05 0.0568
2 0.4674 0.9667 0.0375 0.0667
2 0.5632 0.979 0.0375 0.042
0 0.5188 0.9333 0.0486 0.1235
2 0.4819 0.8679 0.0472 0.0914
2 0.5861 0.9012 0.0611 0.1086
1 0.6 0.9716 0.0444 0.0568
1 0.6979 0.9506 0.0625 0.0988
3 0.7243 0.8926 0.0708 0.1309
2 0.6514 0.7679 0.0583 0.1037
2 0.5083 0.8123 0.0472 0.0741
1 0.4458 0.8086 0.0472 0.0963
1 0.5583 0.7938 0.05 0.0864
1 0.6944 0.7605 0.0472 0.0889
3 0.7083 0.6889 0.0861 0.1037
2 0.6271 0.6679 0.0486 0.0815
2 0.5931 0.7025 0.0472 0.0716
2 0.4778 0.763 0.0444 0.0889
2 0.5069 0.7198 0.0472 0.1012
3 0.5472 0.6704 0.0611 0.1358
0 0.4236 0.5852 0.0556 0.163
0 0.4826 0.6123 0.0708 0.0938
2 0.5069 0.5395 0.05 0.0667
1 0.5062 0.4877 0.0403 0.0568
1 0.559 0.3691 0.0375 0.0667
1 0.6097 0.5778 0.05 0.0741
1 0.6208 0.516 0.05 0.0741
2 0.7646 0.5235 0.0514 0.079
2 0.6965 0.6123 0.0458 0.0593
2 0.709 0.5642 0.0569 0.1062
2 0.691 0.5148 0.0597 0.0963
0 0.6326 0.4222 0.0486 0.1037
1 0.6674 0.3901 0.0542 0.079
1 0.7549 0.4296 0.0347 0.0642
2 0.7201 0.3568 0.0486 0.0716
2 0.741 0.1235 0.0375 0.079
2 0.8187 0.2481 0.0569 0.0667
2 0.8063 0.4086 0.0458 0.0864
2 0.7806 0.3296 0.05 0.0815
2 0.875 0.3469 0.0611 0.0963
2 0.7493 0.2333 0.0486 0.0716
2 0.0354 0.221 0.0514 0.0568
2 0.9542 0.5852 0.0611 0.1037
2 0.9208 0.7284 0.0722 0.1235
