2 0.0507 0.5099 0.0986 0.1654
2 0.2708 0.9543 0.0722 0.0914
1 0.15 0.6309 0.1556 0.2296
1 0.175 0.8235 0.1667 0.1951
1 0.2625 0.6926 0.1361 0.1901
1 0.5028 0.8074 0.1917 0.3309
0 0.3639 0.9123 0.1361 0.1753
0 0.3493 0.8173 0.1347 0.2173
1 0.2583 0.4753 0.1333 0.2049
1 0.1993 0.2963 0.1319 0.1975
0 0.2389 0.2 0.15 0.163
0 0.0535 0.237 0.1042 0.0988
0 0.4264 0.521 0.1528 0.1728
1 0.3639 0.363 0.1111 0.2123
1 0.3424 0.1481 0.1069 0.2321
2 0.4507 0.2679 0.0958 0.1457
0 0.4486 0.1358 0.1944 0.2568
0 0.6597 0.8123 0.1472 0.3753
0 0.7771 0.7346 0.2069 0.4173
0 0.5979 0.5099 0.0792 0.4025
1 0.5174 0.3988 0.1153 0.2247
1 0.6583 0.5086 0.075 0.2173
0 0.675 0.0741 0.1528 0.1383
2 0.6701 0.1864 0.1292 0.2296
0 0.5681 0.2198 0.0806 0.237
1 0.7486 0.1963 0.0778 0.2691
1 0.7104 0.379 0.1792 0.1556
1 0.834 0.4654 0.1236 0.2247
0 0.8903 0.4148 0.1472 0.5284
0 0.8944 0.7457 0.2111 0.1975
0 0.9486 0.8852 0.1028 0.1852
0 0.9132 0.0914 0.1736 0.1778
1 0.9375 0.2272 0.0944 0.2173
0 0.9757 0.4864 0.0486 0.3309
