0 0.1604 0.3037 0.0764 0.1432
0 0.0465 0.7901 0.0903 0.4099
0 0.1757 0.6802 0.0931 0.2741
0 0.1215 0.6901 0.0875 0.2247
0 0.2042 0.8877 0.1417 0.2247
1 0.2965 0.9222 0.0931 0.1556
2 0.6653 0.9469 0.1667 0.1062
2 0.5493 0.8741 0.0958 0.2519
2 0.4729 0.9704 0.1403 0.0593
2 0.4701 0.8296 0.0986 0.2519
1 0.4257 0.7148 0.1208 0.2395
0 0.3514 0.6235 0.1778 0.2099
1 0.3556 0.5136 0.1056 0.1926
0 0.2361 0.4049 0.1444 0.2123
0 0.2681 0.4679 0.1222 0.116
0 0.3688 0.2938 0.1264 0.163
2 0.5687 0.5519 0.0708 0.2346
1 0.5097 0.5605 0.1083 0.237
1 0.4854 0.4395 0.1014 0.1531
1 0.4306 0.3593 0.0778 0.1951
2 0.6368 0.2556 0.1181 0.1951
2 0.5625 0.2877 0.0722 0.1012
1 0.4875 0.3074 0.0972 0.1407
1 0.5681 0.1802 0.0944 0.1383
1 0.4646 0.1914 0.0958 0.1556
0 0.3847 0.1889 0.1417 0.1802
0 0.3069 0.137 0.0611 0.1012
0 0.3458 0.0617 0.1028 0.1185
1 0.4215 0.0519 0.0569 0.0988
0 0.4646 0.0481 0.0958 0.0914
1 0.5354 0.0728 0.0736 0.1407
0 0.5813 0.0605 0.0736 0.116
1 0.6757 0.0815 0.1153 0.158
