0 0.084 0.4877 0.1375 0.2889
0 0.1319 0.6407 0.1444 0.3185
0 0.2014 0.6728 0.1667 0.3531
0 0.2806 0.4025 0.1083 0.2716
0 0.2139 0.2802 0.1417 0.1111
0 0.2528 0.858 0.1389 0.284
0 0.3708 0.8531 0.1417 0.2938
0 0.4729 0.8975 0.1542 0.2049
1 0.5486 0.8037 0.1472 0.2642
0 0.6125 0.9222 0.0972 0.1556
0 0.7042 0.9222 0.125 0.1556
0 0.8403 0.8148 0.3194 0.2716
1 0.8375 0.9284 0.1944 0.1432
2 0.7299 0.7444 0.0764 0.0963
2 0.9187 0.6667 0.1458 0.1531
2 0.8 0.6259 0.1306 0.1802
1 0.6431 0.5901 0.1806 0.2914
0 0.4979 0.5173 0.2542 0.2
2 0.7028 0.5457 0.1028 0.1926
1 0.7118 0.3667 0.1347 0.2395
2 0.7042 0.4346 0.1111 0.079
1 0.5951 0.2975 0.1569 0.2198
1 0.4965 0.3765 0.1153 0.1951
0 0.4056 0.3617 0.1028 0.1951
0 0.4701 0.2333 0.1403 0.121
0 0.3583 0.2556 0.0722 0.1506
0 0.3264 0.1704 0.1361 0.1383
1 0.4667 0.1049 0.0667 0.1111
0 0.409 0.1741 0.0819 0.1111
2 0.7188 0.2543 0.0792 0.1037
1 0.6771 0.1346 0.0903 0.1654
0 0.4979 0.1395 0.0875 0.0963
0 0.641 0.0901 0.0431 0.1111
1 0.616 0.0654 0.0542 0.0815
0 0.5632 0.0827 0.1014 0.0667
1 0.5194 0.0383 0.0556 0.0716
0 0.5694 0.0358 0.0556 0.0667
0 0.9417 0.1827 0.1167 0.1185
