1 0.0854 0.5543 0.1681 0.1901
1 0.0694 0.7185 0.1361 0.2123
1 0.075 0.8309 0.1444 0.2395
1 0.0299 0.9296 0.0569 0.1407
0 0.0333 0.2407 0.0639 0.1062
1 0.2118 0.8605 0.1653 0.2741
1 0.2188 0.637 0.1625 0.2519
1 0.1896 0.4346 0.1347 0.2321
2 0.4813 0.5864 0.1597 0.2593
1 0.3028 0.416 0.125 0.2049
1 0.3604 0.5444 0.1653 0.2988
1 0.366 0.8062 0.1819 0.3827
1 0.4944 0.8901 0.2333 0.2198
1 0.3194 0.2395 0.1167 0.1827
1 0.3889 0.2691 0.1222 0.1531
1 0.4403 0.3827 0.1278 0.2222
1 0.4368 0.1173 0.1319 0.1901
1 0.5125 0.2012 0.1139 0.2049
1 0.5674 0.379 0.1625 0.2444
1 0.6125 0.237 0.1306 0.2123
1 0.559 0.0346 0.0764 0.0642
1 0.6042 0.0827 0.1333 0.1605
1 0.6375 0.6074 0.1778 0.3111
1 0.7264 0.8543 0.2111 0.2914
1 0.8069 0.6309 0.2 0.3333
1 0.7562 0.4049 0.1486 0.2272
1 0.759 0.2358 0.1486 0.1951
1 0.7278 0.1025 0.1278 0.1852
1 0.9118 0.4185 0.1764 0.3185
