1 0.7375 0.1284 0.0333 0.0593
1 0.6826 0.3136 0.0375 0.0691
1 0.6 0.2531 0.0278 0.0519
3 0.7764 0.6926 0.0444 0.0568
3 0.5875 0.8815 0.05 0.0691
3 0.4694 0.9284 0.0556 0.079
1 0.7354 0.5506 0.0319 0.0543
1 0.575 0.5753 0.0389 0.0691
1 0.5729 0.7901 0.0347 0.0691
1 0.3868 0.5457 0.0375 0.0543
1 0.4271 0.5235 0.0375 0.0444
1 0.4799 0.6309 0.0347 0.0716
1 0.4153 0.6728 0.0417 0.0716
1 0.6417 0.6395 0.0444 0.0741
1 0.65 0.7568 0.0417 0.0815
1 0.984 0.679 0.0319 0.0938
1 0.8757 0.7926 0.0625 0.0642
1 0.9306 0.8889 0.1028 0.1185
1 0.0958 0.3951 0.0722 0.079
