3 0.7535 0.3815 0.1347 0.1407
2 0.4521 0.1494 0.0708 0.0617
2 0.3674 0.0988 0.0625 0.0642
1 0.7625 0.8926 0.1806 0.2148
1 0.8486 0.7852 0.1611 0.2963
1 0.6639 0.6173 0.1417 0.2222
3 0.5799 0.5259 0.1403 0.1827
3 0.3507 0.4975 0.1347 0.2247
1 0.4396 0.5222 0.1014 0.1605
2 0.4167 0.6605 0.1472 0.2296
0 0.3556 0.8975 0.1944 0.2049
2 0.2826 0.8531 0.1236 0.1802
2 0.2812 0.7198 0.1014 0.1704
2 0.1854 0.7716 0.1097 0.2
0 0.1653 0.6333 0.1139 0.0864
0 0.1944 0.5975 0.1583 0.1284
2 0.2479 0.4901 0.0958 0.1358
2 0.2111 0.4049 0.1278 0.1827
2 0.216 0.3074 0.1069 0.1062
2 0.0681 0.1914 0.075 0.0815
2 0.1306 0.237 0.1278 0.084
1 0.1194 0.2864 0.0889 0.1086
0 0.0299 0.3679 0.0569 0.1481
0 0.0958 0.4074 0.0889 0.084
2 0.1132 0.4691 0.1236 0.1136
1 0.0535 0.6444 0.1014 0.3309
1 0.0944 0.7827 0.1528 0.316
0 0.9542 0.8136 0.0917 0.1605
3 0.1993 0.958 0.1653 0.084
2 0.6076 0.921 0.1597 0.158
