0 0.166 0.5667 0.0542 0.1852
0 0.9028 0.8086 0.1944 0.2148
0 0.8382 0.6753 0.3236 0.2
0 0.7458 0.9259 0.1333 0.1481
0 0.7528 0.8519 0.2222 0.2963
2 0.716 0.5679 0.1569 0.2716
1 0.6188 0.8901 0.1458 0.2198
1 0.4799 0.8778 0.1236 0.2148
0 0.5292 0.721 0.2806 0.2321
2 0.5472 0.6123 0.1222 0.1432
2 0.6035 0.4654 0.1014 0.2198
2 0.5354 0.4543 0.0875 0.2074
2 0.6118 0.2259 0.0625 0.1704
2 0.5979 0.0284 0.0681 0.0519
2 0.6611 0.0222 0.0972 0.0395
1 0.3868 0.6136 0.0847 0.1704
1 0.4917 0.3815 0.0944 0.2198
1 0.5646 0.2012 0.1042 0.2099
1 0.4903 0.1111 0.1 0.1877
0 0.3931 0.0395 0.0639 0.0741
0 0.3826 0.1173 0.1431 0.2296
0 0.3361 0.258 0.1111 0.1259
0 0.2806 0.2062 0.0861 0.2247
1 0.4181 0.2432 0.0889 0.1802
0 0.4111 0.337 0.1667 0.1901
0 0.25 0.4728 0.0861 0.2296
0 0.3326 0.8309 0.1181 0.1654
0 0.2486 0.9235 0.1528 0.1531
0 0.2583 0.7358 0.0972 0.316
0 0.1243 0.9444 0.0681 0.1111
0 0.1181 0.7889 0.0694 0.2296
1 0.3861 0.9457 0.0694 0.1037
