2 0.5889 0.0593 0.0944 0.1136
0 0.6708 0.0914 0.125 0.1136
0 0.7229 0.0667 0.1153 0.1284
2 0.4396 0.079 0.1014 0.1531
2 0.3361 0.1 0.1361 0.1951
0 0.3375 0.7037 0.3611 0.5926
2 0.6632 0.184 0.1403 0.116
1 0.5465 0.2333 0.1653 0.2444
1 0.6229 0.3654 0.1375 0.1926
1 0.725 0.2963 0.1222 0.2025
1 0.4458 0.5654 0.1917 0.3259
1 0.7111 0.8012 0.2639 0.3975
0 0.5646 0.6506 0.1319 0.3827
0 0.7299 0.5852 0.2292 0.3111
0 0.7889 0.3691 0.1889 0.2741
1 0.8431 0.5716 0.1389 0.2444
1 0.8965 0.3074 0.0792 0.1506
0 0.9313 0.4753 0.1375 0.2247
1 0.9764 0.6358 0.0472 0.1802
1 0.966 0.8333 0.0681 0.2444
