1 0.1069 0.2765 0.0583 0.0988
1 0.1799 0.3259 0.0597 0.1136
1 0.2194 0.3469 0.0556 0.0864
2 0.1528 0.2778 0.0389 0.0617
2 0.1972 0.2506 0.0528 0.0568
2 0.2417 0.2062 0.0639 0.0963
2 0.2667 0.2469 0.0417 0.0642
1 0.0847 0.5753 0.0528 0.0988
2 0.1347 0.5642 0.0583 0.1062
0 0.1785 0.6444 0.1042 0.1235
0 0.1972 0.7136 0.0972 0.1284
1 0.3722 0.3914 0.0417 0.0667
1 0.3444 0.6519 0.0778 0.1383
0 0.3569 0.3556 0.0778 0.0494
1 0.3632 0.2383 0.0486 0.0519
2 0.3535 0.2802 0.0569 0.0519
2 0.3569 0.5123 0.0444 0.116
2 0.3812 0.5753 0.0347 0.0938
0 0.4097 0.6543 0.0472 0.321
2 0.4965 0.716 0.0958 0.1481
2 0.4701 0.5877 0.0708 0.084
2 0.4951 0.5136 0.0708 0.0889
1 0.5667 0.5654 0.0778 0.1383
1 0.5229 0.4519 0.0597 0.0988
2 0.4951 0.3988 0.0597 0.0568
1 0.4965 0.3444 0.0542 0.0716
3 0.4389 0.2296 0.0694 0.079
3 0.5292 0.1457 0.0611 0.084
1 0.4653 0.2691 0.0528 0.0691
1 0.5361 0.2938 0.0583 0.1086
1 0.5458 0.3815 0.0528 0.0864
1 0.5903 0.3506 0.0639 0.0938
1 0.5833 0.4383 0.0472 0.0815
1 0.6257 0.4457 0.0653 0.0864
0 0.6424 0.4951 0.0681 0.0914
2 0.3222 0.0358 0.0472 0.0667
2 0.3715 0.0543 0.0597 0.0593
0 0.6451 0.6383 0.0764 0.1753
0 0.6722 0.6778 0.0944 0.1407
0 0.6722 0.7605 0.0694 0.0741
0 0.7285 0.458 0.1153 0.1704
2 0.7451 0.7111 0.1014 0.1481
2 0.7556 0.8383 0.0861 0.1457
2 0.8222 0.6988 0.0861 0.1383
2 0.8979 0.6975 0.0931 0.1457
1 0.7479 0.9321 0.0986 0.1358
1 0.8389 0.8864 0.1028 0.1975
1 0.9424 0.9173 0.1153 0.1654
2 0.9764 0.8617 0.0472 0.1531
2 0.8861 0.337 0.0833 0.1309
1 0.7125 0.516 0.0806 0.1531
