1 0.0271 0.3284 0.0514 0.1037
1 0.0674 0.1901 0.0514 0.0988
3 0.425 0.7975 0.1 0.1481
1 0.5236 0.679 0.0667 0.1432
1 0.4667 0.6914 0.0694 0.1136
1 0.4722 0.5975 0.0639 0.1037
1 0.4535 0.5407 0.0653 0.0889
1 0.4528 0.4642 0.05 0.0741
1 0.4944 0.458 0.0472 0.1012
1 0.4882 0.3852 0.0514 0.0691
1 0.4333 0.4309 0.05 0.0864
1 0.4458 0.3605 0.0444 0.0642
1 0.5472 0.3062 0.0472 0.079
1 0.5924 0.258 0.0486 0.0716
1 0.5535 0.2346 0.0347 0.0741
1 0.7222 0.0556 0.0361 0.0469
0 0.8729 0.2296 0.1181 0.084
1 0.4368 0.3049 0.0375 0.0617
1 0.4528 0.2543 0.0389 0.0494
