0 0.1097 0.9025 0.1361 0.1506
1 0.2104 0.8012 0.1375 0.2148
1 0.125 0.7235 0.1333 0.2519
1 0.2174 0.6037 0.0708 0.1358
1 0.2938 0.6519 0.0653 0.1284
2 0.3319 0.8728 0.1222 0.2346
1 0.4653 0.8716 0.1028 0.2568
1 0.5722 0.8074 0.1583 0.2765
0 0.5146 0.5037 0.1653 0.5531
1 0.3632 0.7173 0.1153 0.1852
1 0.3764 0.584 0.1139 0.1654
1 0.4618 0.6358 0.1125 0.1852
2 0.2417 0.4889 0.0722 0.1284
2 0.341 0.4679 0.0958 0.1457
1 0.4799 0.4012 0.0819 0.1457
1 0.3993 0.3469 0.0875 0.1259
0 0.4243 0.263 0.0986 0.1556
0 0.3632 0.2938 0.0736 0.2222
0 0.2667 0.1938 0.1583 0.2099
0 0.3688 0.1395 0.0625 0.2296
0 0.1764 0.3519 0.1222 0.1605
0 0.2465 0.1506 0.0986 0.2123
1 0.4458 0.1086 0.0778 0.1235
1 0.6458 0.516 0.1278 0.237
1 0.6042 0.2889 0.1139 0.2025
1 0.65 0.0864 0.1333 0.1679
0 0.825 0.3346 0.1889 0.3679
0 0.8333 0.2099 0.2083 0.316
0 0.9764 0.2568 0.0472 0.1333
2 0.7576 0.1938 0.1153 0.2247
2 0.7965 0.0358 0.1153 0.0667
2 0.9201 0.0704 0.1597 0.1358
2 0.1181 0.9481 0.0583 0.1037
