0 0.6264 0.4519 0.2111 0.3901
1 0.0444 0.3753 0.0861 0.2074
0 0.066 0.5099 0.1042 0.2938
0 0.1 0.6914 0.1944 0.3358
1 0.0979 0.8247 0.1681 0.2716
0 0.2639 0.8593 0.2528 0.2815
2 0.2292 0.6778 0.1 0.1259
0 0.3826 0.7432 0.2069 0.237
0 0.3181 0.5395 0.2861 0.2741
0 0.4333 0.6494 0.1194 0.1827
1 0.1708 0.416 0.125 0.2099
0 0.1792 0.2815 0.2083 0.1975
1 0.0924 0.1926 0.1097 0.1679
1 0.1812 0.1728 0.1264 0.2123
1 0.2875 0.4185 0.1111 0.1556
1 0.2729 0.2136 0.1069 0.1753
1 0.4361 0.2926 0.1556 0.3086
2 0.316 0.1395 0.1181 0.0914
0 0.4139 0.9123 0.2806 0.1753
0 0.5813 0.7778 0.1236 0.4444
0 0.7035 0.8938 0.1319 0.2123
2 0.5083 0.616 0.0861 0.2593
1 0.5778 0.4469 0.1667 0.2025
1 0.5014 0.1012 0.125 0.1975
1 0.6451 0.2012 0.1319 0.2247
2 0.5931 0.1605 0.0861 0.1778
2 0.6111 0.0519 0.1 0.0988
2 0.6979 0.0802 0.0847 0.1259
1 0.7993 0.2926 0.1208 0.1654
2 0.766 0.0741 0.1069 0.1432
0 0.8042 0.0728 0.1417 0.1407
0 0.8576 0.1716 0.1653 0.1407
0 0.8799 0.3506 0.1153 0.3111
0 0.9125 0.4593 0.175 0.3111
0 0.9549 0.6432 0.0903 0.284
0 0.9042 0.8222 0.1917 0.242
0 0.9583 0.2 0.0833 0.3802
