3 0.8792 0.2765 0.0583 0.0988
1 0.5785 0.5012 0.0403 0.0889
1 0.6896 0.7099 0.0625 0.0914
1 0.7868 0.237 0.0292 0.0741
1 0.6701 0.2741 0.0431 0.084
1 0.4743 0.3074 0.0486 0.0963
1 0.4139 0.3136 0.0528 0.084
1 0.4118 0.6778 0.0819 0.1506
3 0.8479 0.5296 0.0458 0.0765
3 0.8861 0.8049 0.0556 0.0938
3 0.6514 0.8247 0.0611 0.084
3 0.6271 0.8951 0.0458 0.0765
3 0.6069 0.9716 0.0222 0.0568
3 0.5035 0.6617 0.0347 0.0691
3 0.6292 0.5901 0.0528 0.1037
3 0.6097 0.4728 0.0389 0.0469
3 0.4944 0.4519 0.0694 0.084
3 0.391 0.4642 0.0431 0.0593
3 0.2875 0.3506 0.0472 0.079
3 0.1111 0.921 0.05 0.0938
3 0.0243 0.7123 0.0458 0.0815
