3 0.7063 0.6864 0.1292 0.2123
3 0.509 0.8247 0.1347 0.2025
3 0.5764 0.4099 0.0694 0.1284
3 0.4271 0.4815 0.0792 0.1481
1 0.5722 0.942 0.0917 0.116
1 0.9014 0.042 0.1167 0.079
1 0.9042 0.1802 0.1 0.2025
1 0.8167 0.1481 0.1028 0.2123
1 0.7076 0.0519 0.1125 0.0988
1 0.8514 0.3914 0.1306 0.1951
1 0.95 0.5469 0.1 0.2198
1 0.8639 0.721 0.1167 0.2123
1 0.8264 0.5963 0.1028 0.1951
1 0.375 0.7642 0.0583 0.0963
1 0.3681 0.9136 0.075 0.1284
1 0.4292 0.1481 0.1278 0.242
1 0.3007 0.179 0.0986 0.1457
1 0.2958 0.6383 0.0806 0.1012
0 0.7694 0.4568 0.0583 0.237
0 0.5708 0.2111 0.1333 0.2938
0 0.5847 0.7062 0.1556 0.1926
3 0.4479 0.937 0.0931 0.1259
3 0.791 0.9333 0.1042 0.1333
3 0.9083 0.9358 0.1139 0.1284
3 0.9535 0.7605 0.0931 0.1481
3 0.6819 0.8864 0.0778 0.1333
