1 0.8097 0.4099 0.0583 0.084
1 0.5854 0.2025 0.0375 0.0593
1 0.6694 0.2556 0.0361 0.0617
1 0.8896 0.7914 0.0681 0.0864
1 0.95 0.9062 0.1 0.1333
1 0.9854 0.6481 0.0292 0.0765
1 0.7278 0.5099 0.0389 0.042
1 0.6354 0.616 0.0375 0.0617
1 0.6486 0.7519 0.0444 0.0765
1 0.5694 0.7753 0.0278 0.0543
1 0.4701 0.6136 0.0431 0.0765
1 0.5653 0.542 0.0417 0.0716
1 0.409 0.5136 0.0347 0.0444
1 0.3674 0.5444 0.0375 0.0469
1 0.3958 0.6815 0.0417 0.079
1 0.0389 0.4383 0.075 0.0914
3 0.7806 0.6778 0.0472 0.0568
3 0.5847 0.8778 0.0444 0.0667
3 0.4556 0.9531 0.0583 0.0938
