3 0.766 0.5358 0.0708 0.0642
3 0.7139 0.4741 0.0556 0.0543
3 0.9354 0.7025 0.0986 0.1457
3 0.7306 0.8716 0.0806 0.1383
3 0.7014 0.6296 0.0667 0.0593
3 0.3389 0.9049 0.0528 0.0667
3 0.1507 0.8691 0.0653 0.1185
3 0.0222 0.8062 0.0417 0.1012
1 0.1021 0.6568 0.0708 0.0938
1 0.1535 0.5716 0.0458 0.0617
1 0.2472 0.6358 0.0639 0.0716
1 0.3299 0.5975 0.0514 0.0741
1 0.8167 0.184 0.0472 0.0716
1 0.6354 0.2765 0.0431 0.0741
1 0.6285 0.116 0.0403 0.084
1 0.8521 0.5086 0.1097 0.1333
1 0.5667 0.516 0.0778 0.1136
1 0.5389 0.9086 0.075 0.1383
