1 0.8708 0.3864 0.0444 0.0765
1 0.8403 0.5123 0.0417 0.0716
1 0.709 0.5383 0.0403 0.0741
1 0.5958 0.7519 0.0417 0.0568
1 0.5167 0.679 0.0417 0.0642
1 0.4215 0.9 0.0403 0.0864
1 0.2736 0.6667 0.0667 0.0988
1 0.2924 0.2704 0.0569 0.0914
1 0.0972 0.2864 0.0667 0.084
1 0.0785 0.6333 0.0708 0.1012
3 0.3889 0.3679 0.0389 0.0691
3 0.5993 0.642 0.0347 0.0543
3 0.7319 0.6926 0.0444 0.0716
3 0.591 0.9506 0.0403 0.0691
3 0.6181 0.979 0.0333 0.042
3 0.6424 0.9667 0.0431 0.0667
3 0.4437 0.7 0.0542 0.1062
3 0.4792 0.621 0.0333 0.0519
3 0.3215 0.5173 0.0431 0.0667
3 0.1986 0.6123 0.0639 0.1136
3 0.0187 0.7309 0.0347 0.0741
