3 0.6368 0.6185 0.0569 0.0765
1 0.7104 0.5827 0.0653 0.1037
1 0.9757 0.6469 0.0486 0.0691
1 0.8049 0.5975 0.0597 0.0988
1 0.766 0.5284 0.0458 0.084
1 0.4875 0.221 0.0556 0.1062
1 0.5118 0.1642 0.0403 0.0716
1 0.5021 0.3593 0.0486 0.1012
1 0.3972 0.258 0.0389 0.0765
1 0.259 0.6506 0.0569 0.121
1 0.2535 0.5494 0.0486 0.1062
1 0.2792 0.4309 0.0583 0.1012
1 0.2097 0.2099 0.0444 0.0938
1 0.1375 0.1667 0.0528 0.0914
1 0.0292 0.1432 0.0556 0.079
3 0.5208 0.5889 0.0472 0.0815
3 0.6521 0.8062 0.0625 0.116
3 0.3757 0.7704 0.0986 0.1284
0 0.4625 0.7926 0.0778 0.1284
2 0.2799 0.7877 0.0319 0.0444
