3 0.4257 0.0765 0.0681 0.079
3 0.6326 0.479 0.0847 0.1531
3 0.4236 0.4852 0.0861 0.1802
1 0.0556 0.2531 0.1083 0.2
1 0.4458 0.2062 0.0722 0.1407
1 0.5188 0.5136 0.0958 0.2173
2 0.6257 0.6099 0.0458 0.084
1 0.7729 0.7198 0.1986 0.3432
1 0.9104 0.6049 0.1792 0.3012
1 0.8229 0.3827 0.0764 0.1235
1 0.7535 0.4049 0.0986 0.1136
0 0.8368 0.2136 0.0792 0.1012
0 0.8313 0.0864 0.0681 0.0741
1 0.9729 0.2395 0.0542 0.0741
1 0.9236 0.1494 0.0611 0.0914
2 0.5403 0.3 0.0417 0.0617
2 0.509 0.3457 0.0319 0.0494
