3 0.4833 0.3556 0.0694 0.0741
1 0.5667 0.8309 0.0833 0.2346
3 0.4889 0.8062 0.0806 0.2
3 0.6806 0.7728 0.0778 0.1383
3 0.0361 0.0988 0.0694 0.0988
3 0.116 0.1123 0.0792 0.1012
1 0.0167 0.221 0.0306 0.116
1 0.1903 0.2321 0.0833 0.1383
1 0.1465 0.5346 0.1069 0.2049
1 0.5035 0.4802 0.0542 0.1259
1 0.9646 0.9309 0.0708 0.1383
1 0.8688 0.9556 0.1319 0.0889
1 0.8778 0.7272 0.1 0.1506
1 0.8125 0.7309 0.0639 0.1136
1 0.7722 0.1556 0.0444 0.084
1 0.759 0.079 0.0514 0.084
1 0.7208 0.1679 0.0472 0.084
1 0.3285 0.0494 0.0403 0.0938
1 0.9785 0.4556 0.0431 0.1111
2 0.5972 0.5753 0.0389 0.0691
