1 0.6472 0.4901 0.0833 0.1259
3 0.5396 0.058 0.0431 0.042
0 0.5403 0.1049 0.0333 0.042
0 0.5146 0.1617 0.0347 0.0914
0 0.6813 0.0926 0.0625 0.0519
0 0.616 0.0704 0.0514 0.0519
3 0.6368 0.5938 0.0431 0.0765
3 0.4069 0.937 0.0889 0.1259
1 0.7431 0.9358 0.1111 0.1284
1 0.2639 0.0531 0.0472 0.0617
1 0.2611 0.6111 0.0806 0.2346
3 0.6681 0.8037 0.0417 0.121
3 0.5722 0.6802 0.0889 0.1407
1 0.684 0.1642 0.0486 0.0617
3 0.6382 0.3481 0.0486 0.0691
3 0.566 0.3284 0.0569 0.0691
3 0.8368 0.379 0.0847 0.0765
1 0.2368 0.4333 0.0319 0.1062
0 0.8562 0.1815 0.0486 0.121
0 0.3729 0.1926 0.0847 0.0691
1 0.3674 0.0481 0.0431 0.0716
0 0.9646 0.5778 0.0653 0.1481
1 0.3007 0.9605 0.0875 0.079
