1 0.0958 0.0926 0.0556 0.0765
1 0.7257 0.0778 0.0431 0.0568
1 0.7167 0.3025 0.0444 0.0716
1 0.7569 0.2222 0.05 0.0691
1 0.7688 0.2938 0.0431 0.0741
1 0.9806 0.5926 0.0389 0.1037
3 0.5021 0.4938 0.0653 0.079
3 0.7069 0.9185 0.1028 0.1383
3 0.4958 0.9333 0.0944 0.1333
3 0.0458 0.237 0.0889 0.0988
3 0.1313 0.263 0.0764 0.0765
1 0.0257 0.337 0.0486 0.1457
1 0.3396 0.1778 0.0431 0.1037
1 0.2035 0.3642 0.0708 0.1259
1 0.1597 0.6852 0.1111 0.1951
1 0.5167 0.6272 0.0583 0.1185
1 0.5806 0.9519 0.0972 0.0963
1 0.8326 0.9012 0.0792 0.1284
1 0.9125 0.9247 0.1167 0.1506
2 0.609 0.7173 0.0431 0.0716
