0 0.9785 0.7173 0.0431 0.2148
3 0.4806 0.2654 0.0583 0.0963
1 0.3299 0.0272 0.0375 0.0494
1 0.3514 0.0963 0.0417 0.0494
1 0.3965 0.058 0.0431 0.0864
1 0.6049 0.1296 0.0403 0.0765
1 0.6604 0.2049 0.0569 0.0889
1 0.6924 0.279 0.0319 0.084
1 0.8653 0.1321 0.0444 0.0864
1 0.9556 0.1568 0.0444 0.0765
1 0.8306 0.4481 0.0333 0.0617
1 0.7549 0.3741 0.0347 0.0667
1 0.725 0.4198 0.0472 0.0691
1 0.3285 0.4407 0.0486 0.1062
1 0.35 0.5321 0.0611 0.1062
1 0.1625 0.3321 0.0583 0.1012
1 0.0333 0.3543 0.0611 0.0914
3 0.3889 0.9272 0.075 0.1111
3 0.4056 0.7691 0.0667 0.1111
0 0.1139 0.584 0.0778 0.0864
