1 0.2451 0.4593 0.0903 0.1432
1 0.3694 0.1395 0.0611 0.0765
1 0.4035 0.3469 0.0681 0.1062
1 0.5181 0.4025 0.0444 0.079
1 0.6097 0.4123 0.0472 0.0988
1 0.5278 0.5284 0.0611 0.1037
1 0.6833 0.5617 0.0528 0.0765
1 0.7083 0.6296 0.05 0.0741
1 0.9201 0.6827 0.0625 0.0963
1 0.8229 0.8444 0.0708 0.1333
1 0.6472 0.8975 0.075 0.1506
1 0.5604 0.8432 0.0792 0.1556
1 0.4646 0.7802 0.0875 0.1877
1 0.3563 0.7901 0.0875 0.1877
1 0.3299 0.942 0.1292 0.116
0 0.7097 0.6988 0.0389 0.0988
0 0.5896 0.9494 0.0764 0.1012
