1 0.2812 0.0889 0.0319 0.0642
1 0.0653 0.1852 0.0472 0.0889
1 0.0312 0.2901 0.0597 0.0914
0 0.5326 0.4 0.0681 0.0741
0 0.5764 0.5259 0.0778 0.0691
3 0.3479 0.342 0.0458 0.0815
3 0.3479 0.2198 0.0431 0.0691
3 0.3889 0.2864 0.0472 0.079
3 0.7562 0.1852 0.0375 0.0691
3 0.6396 0.3432 0.0569 0.0889
3 0.7097 0.3679 0.0389 0.079
3 0.7319 0.5086 0.075 0.0741
3 0.7833 0.4741 0.0722 0.0889
3 0.7292 0.4284 0.0639 0.0667
3 0.759 0.384 0.0681 0.0667
1 0.7493 0.6457 0.0847 0.1062
3 0.1278 0.9531 0.0806 0.0938
2 0.2264 0.7 0.025 0.0519
