1 0.2215 0.4864 0.0514 0.084
3 0.9535 0.5556 0.0931 0.1284
3 0.575 0.9222 0.0917 0.1556
3 0.4278 0.6753 0.05 0.0864
1 0.2562 0.8457 0.0819 0.1605
1 0.3118 0.679 0.0736 0.0988
1 0.1535 0.6864 0.0847 0.1333
1 0.6299 0.5975 0.0681 0.1284
1 0.8139 0.4506 0.0389 0.0963
1 0.8035 0.2568 0.0569 0.0938
1 0.1847 0.3556 0.0833 0.1383
1 0.691 0.1136 0.0403 0.084
1 0.6201 0.1321 0.0514 0.0765
1 0.5528 0.1556 0.0472 0.0593
1 0.5278 0.116 0.0472 0.0642
1 0.3556 0.0667 0.0417 0.0395
0 0.5028 0.216 0.0639 0.0568
0 0.4306 0.1111 0.0694 0.0691
1 0.0243 0.2864 0.0458 0.0642
1 0.0167 0.1914 0.0306 0.1111
