1 0.4097 0.1432 0.0389 0.0593
0 0.6778 0.4556 0.0722 0.0815
3 0.1229 0.863 0.0708 0.1111
1 0.3757 0.5025 0.0542 0.1111
1 0.6167 0.7802 0.0694 0.1481
1 0.6181 0.942 0.0639 0.116
1 0.9257 0.7099 0.1042 0.1358
3 0.1903 0.5753 0.0722 0.1185
1 0.5917 0.1889 0.0417 0.0716
1 0.3618 0.3272 0.0403 0.0765
2 0.3396 0.6506 0.0264 0.037
3 0.3111 0.4395 0.0583 0.084
0 0.5611 0.7037 0.0361 0.0988
3 0.559 0.8543 0.0514 0.1086
0 0.1771 0.7481 0.1403 0.1333
0 0.1333 0.942 0.0472 0.1062
0 0.1868 0.9395 0.0625 0.121
