0 0.6722 0.4025 0.0556 0.0938
0 0.9021 0.6728 0.1292 0.1506
1 0.0403 0.1148 0.0444 0.0765
1 0.3069 0.237 0.0389 0.0691
1 0.3111 0.1617 0.0333 0.0617
1 0.3361 0.2086 0.0361 0.0667
3 0.1889 0.5494 0.0639 0.0765
1 0.1722 0.458 0.0556 0.0815
1 0.2583 0.5617 0.0722 0.1259
1 0.5007 0.279 0.0319 0.0642
1 0.5458 0.3123 0.025 0.0568
1 0.8375 0.4506 0.05 0.0519
1 0.8306 0.9765 0.0972 0.0469
1 0.9785 0.963 0.0431 0.0741
1 0.9222 0.937 0.0861 0.1259
1 0.4354 0.7444 0.0792 0.1605
1 0.4285 0.3889 0.0736 0.1358
1 0.3931 0.5012 0.0889 0.158
1 0.5868 0.2568 0.0264 0.0543
