1 0.416 0.5173 0.0431 0.0667
1 0.4167 0.6914 0.0417 0.0691
1 0.3174 0.863 0.0486 0.0765
1 0.2903 0.7852 0.05 0.1037
1 0.2646 0.9136 0.0514 0.0938
1 0.3806 0.8877 0.0472 0.0864
1 0.4069 0.8519 0.0472 0.0938
1 0.4375 0.8173 0.0361 0.079
1 0.4868 0.7765 0.0403 0.0765
1 0.1681 0.4086 0.0583 0.0963
1 0.1882 0.6531 0.0542 0.1012
1 0.2076 0.7519 0.0569 0.1012
1 0.3229 0.9568 0.0569 0.0864
1 0.4382 0.963 0.0347 0.0741
1 0.6111 0.8198 0.0389 0.079
1 0.6354 0.8827 0.0403 0.0765
1 0.1257 0.8963 0.0764 0.1185
1 0.3778 0.6802 0.0333 0.0716
