1 0.7514 0.7864 0.0444 0.0716
1 0.8806 0.8481 0.0556 0.0963
3 0.4076 0.5605 0.0597 0.0938
3 0.2708 0.9333 0.1361 0.1333
1 0.5361 0.6531 0.0472 0.116
1 0.5549 0.563 0.0403 0.084
1 0.7257 0.9667 0.0569 0.0667
1 0.6111 0.9778 0.0417 0.0444
1 0.5653 0.8827 0.0417 0.0765
1 0.5181 0.9284 0.0528 0.084
1 0.45 0.4901 0.075 0.116
1 0.5757 0.2556 0.0458 0.0765
1 0.3653 0.2222 0.0611 0.1037
1 0.3063 0.3259 0.0708 0.1185
1 0.3236 0.5074 0.0917 0.1605
1 0.2014 0.7037 0.1222 0.1728
1 0.0653 0.6864 0.1278 0.2222
