0 0.4576 0.6025 0.0625 0.1531
3 0.4604 0.5 0.0597 0.0963
3 0.5965 0.416 0.0542 0.0815
3 0.8938 0.1568 0.0736 0.1309
1 0.4111 0.037 0.0528 0.0691
0 0.3139 0.6679 0.1306 0.1852
1 0.1299 0.8407 0.1597 0.2988
3 0.7007 0.7222 0.0597 0.0864
3 0.7069 0.6099 0.0639 0.1136
3 0.5722 0.6741 0.0694 0.1136
3 0.3146 0.2593 0.0736 0.0988
3 0.2208 0.1704 0.0639 0.084
3 0.2687 0.1827 0.0847 0.0988
3 0.0576 0.4605 0.1125 0.2049
3 0.0403 0.7531 0.0778 0.2222
1 0.8625 0.5704 0.0889 0.1531
1 0.9812 0.2432 0.0375 0.1259
1 0.5674 0.3198 0.0708 0.121
1 0.9514 0.7815 0.0806 0.1309
1 0.3715 0.963 0.0903 0.0741
