1 0.0875 0.0593 0.0528 0.0741
1 0.0639 0.3247 0.0667 0.1012
1 0.1243 0.5802 0.0764 0.1086
1 0.0396 0.5975 0.0542 0.084
1 0.1257 0.8037 0.0903 0.1358
1 0.0785 0.8963 0.0875 0.1185
1 0.2201 0.9049 0.0514 0.0963
1 0.1938 0.7321 0.0486 0.0864
1 0.2806 0.6432 0.0528 0.0864
1 0.3431 0.463 0.0333 0.0568
1 0.4028 0.4395 0.025 0.0444
1 0.4264 0.4296 0.0222 0.0346
1 0.4646 0.4568 0.0208 0.0346
1 0.4833 0.4988 0.0278 0.0444
1 0.4486 0.6185 0.0472 0.0963
1 0.4778 0.684 0.0444 0.084
1 0.6562 0.6654 0.0347 0.0765
1 0.6757 0.6284 0.0347 0.0716
1 0.7576 0.9457 0.0431 0.084
