1 0.6653 0.5654 0.0417 0.0691
1 0.416 0.6395 0.0403 0.0593
1 0.6271 0.4469 0.0347 0.0593
1 0.6333 0.521 0.0306 0.0642
1 0.6375 0.3062 0.0361 0.0593
1 0.4931 0.2025 0.0333 0.0593
1 0.4306 0.2877 0.0306 0.0568
1 0.4014 0.3111 0.0306 0.0543
1 0.3979 0.2642 0.0292 0.0543
1 0.3736 0.2222 0.0306 0.0642
1 0.325 0.1926 0.0361 0.0593
1 0.4646 0.3716 0.0347 0.0667
1 0.3833 0.5111 0.0444 0.079
3 0.4597 0.8753 0.05 0.0963
3 0.5847 0.8383 0.05 0.121
3 0.3535 0.4667 0.0514 0.0988
3 0.4062 0.3716 0.0375 0.0568
1 0.2201 0.6086 0.0542 0.0914
1 0.1764 0.5988 0.0583 0.1012
3 0.1556 0.5469 0.075 0.0716
3 0.2007 0.4062 0.0403 0.0519
3 0.1306 0.7432 0.05 0.0988
3 0.0972 0.7802 0.0583 0.0988
3 0.0757 0.6309 0.0903 0.1111
1 0.0167 0.6617 0.0306 0.0741
