0 0.5632 0.5259 0.0819 0.0691
0 0.5785 0.6877 0.0792 0.0716
1 0.3806 0.0333 0.0389 0.0617
1 0.1549 0.0296 0.0319 0.0543
1 0.0924 0.0778 0.0569 0.0963
1 0.4174 0.2074 0.0514 0.079
1 0.3889 0.3358 0.0528 0.0889
1 0.4465 0.2938 0.0431 0.079
1 0.5292 0.284 0.0556 0.0889
1 0.8389 0.4284 0.0389 0.0667
1 0.6778 0.5284 0.0639 0.1037
1 0.7375 0.9593 0.0972 0.0815
1 0.7562 0.5926 0.0514 0.079
3 0.7507 0.7679 0.0875 0.1136
3 0.8215 0.779 0.0764 0.1259
3 0.7597 0.684 0.0611 0.084
3 0.7993 0.6407 0.0569 0.1012
3 0.0382 0.8728 0.0736 0.1309
2 0.1896 0.6444 0.0292 0.0543
