1 0.5569 0.2346 0.0278 0.0593
1 0.5174 0.3012 0.0319 0.0543
1 0.5264 0.3407 0.0389 0.0444
1 0.2514 0.121 0.0417 0.0543
1 0.241 0.2099 0.0403 0.0642
1 0.2778 0.1827 0.0444 0.0741
1 0.8368 0.4716 0.0403 0.0593
1 0.4674 0.2679 0.0431 0.0716
3 0.0674 0.6679 0.1069 0.1012
1 0.0528 0.5222 0.0889 0.1259
1 0.3861 0.4333 0.1028 0.1654
3 0.291 0.6037 0.0708 0.1012
1 0.4049 0.9086 0.1153 0.1827
1 0.1639 0.6679 0.1 0.1407
0 0.7118 0.4728 0.0681 0.1062
0 0.9326 0.9667 0.1347 0.0667
0 0.9521 0.7778 0.0958 0.1827
1 0.3472 0.5765 0.1139 0.1901
