1 0.2854 0.4049 0.0347 0.0593
3 0.1222 0.5457 0.0806 0.0889
3 0.159 0.3914 0.0625 0.0617
0 0.4826 0.721 0.0625 0.1481
0 0.1097 0.6494 0.0583 0.0642
2 0.55 0.958 0.0361 0.084
2 0.4472 0.9469 0.0472 0.0667
2 0.6937 0.8691 0.0319 0.0543
2 0.5326 0.863 0.0153 0.042
2 0.4951 0.8432 0.0292 0.0321
2 0.634 0.9025 0.0292 0.0519
2 0.3382 0.8778 0.0236 0.037
3 0.6292 0.6333 0.125 0.1951
1 0.7632 0.3272 0.0625 0.1012
1 0.5958 0.779 0.0639 0.1111
1 0.3806 0.5346 0.05 0.0667
1 0.2806 0.758 0.0611 0.0741
0 0.1083 0.3173 0.0472 0.121
0 0.8486 0.8753 0.0889 0.0716
0 0.5472 0.4494 0.0583 0.0593
0 0.0347 0.8062 0.0611 0.1556
0 0.2292 0.5704 0.075 0.0593
0 0.2986 0.5951 0.0972 0.0642
3 0.8639 0.9543 0.0806 0.0864
1 0.5576 0.0469 0.0514 0.0889
3 0.6819 0.1531 0.05 0.0988
1 0.1215 0.1963 0.0403 0.0667
3 0.2028 0.4099 0.0389 0.0543
