0 0.4458 0.2778 0.05 0.0568
1 0.6007 0.2296 0.0292 0.0593
1 0.566 0.3012 0.0292 0.0593
1 0.5153 0.2667 0.0389 0.079
1 0.3146 0.1827 0.0375 0.0642
1 0.3111 0.2605 0.0389 0.0667
1 0.3417 0.2296 0.0389 0.0691
3 0.2035 0.621 0.0708 0.0815
1 0.8861 0.3765 0.0556 0.0469
1 0.4444 0.3938 0.0972 0.1358
1 0.4208 0.5198 0.1028 0.1654
1 0.4799 0.7864 0.0736 0.1654
0 0.725 0.3704 0.0889 0.0889
0 0.9576 0.6123 0.0847 0.1333
3 0.3701 0.5877 0.0542 0.0938
1 0.1826 0.521 0.0569 0.079
1 0.2792 0.6235 0.0833 0.1259
