0 0.1257 0.3938 0.1486 0.0864
3 0.7833 0.1667 0.0472 0.0667
3 0.8187 0.2111 0.0431 0.0667
1 0.8451 0.0827 0.0458 0.0716
1 0.4861 0.0333 0.0611 0.0617
1 0.5618 0.1123 0.0542 0.0963
1 0.6208 0.0383 0.0667 0.0716
1 0.8229 0.1556 0.0403 0.0593
1 0.8799 0.1889 0.0486 0.0617
1 0.8667 0.2679 0.0528 0.0667
1 0.9681 0.421 0.0639 0.116
1 0.3604 0.2222 0.0958 0.163
1 0.2812 0.3012 0.0708 0.1185
1 0.2681 0.4259 0.0833 0.1358
1 0.0424 0.2864 0.0819 0.1531
3 0.5799 0.3444 0.1014 0.1605
2 0.2014 0.5296 0.05 0.0667
3 0.2889 0.5988 0.0861 0.1556
