1 0.3139 0.4111 0.0722 0.121
1 0.5208 0.4099 0.0833 0.1481
1 0.5201 0.6654 0.0819 0.1457
1 0.6847 0.6741 0.0944 0.1481
1 0.3167 0.8173 0.0833 0.1531
1 0.7132 0.9247 0.1097 0.1506
1 0.4465 0.0444 0.0847 0.079
1 0.6854 0.4111 0.0764 0.1358
1 0.6917 0.321 0.0722 0.0741
1 0.7146 0.1889 0.0625 0.116
1 0.7625 0.1037 0.0778 0.1185
1 0.825 0.0741 0.0806 0.1432
3 0.8333 0.5827 0.1583 0.2074
3 0.8458 0.2309 0.1167 0.1605
3 0.5986 0.3593 0.0806 0.2198
3 0.2174 0.6556 0.1014 0.1852
3 0.3417 0.5963 0.0889 0.1556
3 0.4188 0.8778 0.0736 0.1704
3 0.5014 0.8753 0.1 0.2198
3 0.8507 0.9025 0.1403 0.1951
0 0.3965 0.6494 0.0458 0.2222
0 0.0736 0.8481 0.075 0.1704
3 0.2326 0.8741 0.0653 0.1531
3 0.6056 0.937 0.1056 0.121
2 0.1743 0.7333 0.0597 0.1185
2 0.5215 0.0975 0.0347 0.0519
2 0.2535 0.3037 0.0653 0.0691
