1 0.1611 0.0815 0.0694 0.0741
1 0.1847 0.1309 0.0694 0.1185
1 0.184 0.3222 0.1097 0.1802
1 0.2104 0.642 0.1792 0.2519
1 0.4542 0.5642 0.0722 0.1259
1 0.3083 0.8938 0.0833 0.2123
3 0.4361 0.2963 0.0806 0.1235
3 0.3312 0.3667 0.0708 0.1012
3 0.3431 0.5198 0.1083 0.1704
3 0.2486 0.0531 0.0611 0.0716
3 0.4104 0.7284 0.1069 0.1877
3 0.4458 0.4457 0.0972 0.0963
0 0.6757 0.7099 0.0653 0.2889
0 0.55 0.6642 0.0528 0.1926
0 0.6361 0.4654 0.0861 0.1062
2 0.3403 0.6605 0.0333 0.042
2 0.5861 0.6988 0.025 0.0543
