0 0.7799 0.5506 0.1069 0.1284
0 0.3104 0.6 0.1181 0.163
0 0.1382 0.6506 0.1069 0.1111
3 0.7049 0.3222 0.0931 0.0815
3 0.7486 0.2346 0.05 0.0889
3 0.6792 0.263 0.0639 0.0519
3 0.7167 0.4148 0.0639 0.084
3 0.5639 0.3358 0.0528 0.0938
3 0.5646 0.1988 0.0514 0.0864
3 0.5035 0.2321 0.0514 0.084
3 0.4278 0.116 0.0528 0.0741
3 0.3708 0.2086 0.0472 0.0864
3 0.4896 0.5543 0.0542 0.0914
3 0.3535 0.9543 0.0625 0.0914
3 0.3306 0.7691 0.0889 0.1506
3 0.2618 0.4272 0.0681 0.1185
3 0.3375 0.3593 0.0556 0.0963
3 0.2493 0.3296 0.0625 0.0765
2 0.8674 0.3173 0.0319 0.0519
2 0.9104 0.4074 0.0542 0.0642
