0 0.4354 0.0296 0.1014 0.0543
0 0.5896 0.337 0.1514 0.1901
0 0.6847 0.5123 0.1667 0.1605
3 0.5576 0.8074 0.0625 0.1481
3 0.7819 0.8938 0.1722 0.2123
3 0.6264 0.6951 0.1 0.1951
3 0.5833 0.1333 0.0917 0.1531
3 0.4729 0.3222 0.1181 0.1753
3 0.3563 0.4481 0.1458 0.2395
3 0.1826 0.5728 0.1514 0.2716
1 0.3368 0.2617 0.0708 0.1037
1 0.4965 0.1679 0.0847 0.158
1 0.3583 0.1148 0.0944 0.1506
1 0.2361 0.0753 0.1111 0.1457
1 0.0924 0.1543 0.1181 0.1654
1 0.1326 0.0284 0.0958 0.0519
0 0.5625 0.2333 0.0806 0.0765
