3 0.8931 0.5309 0.0722 0.0938
3 0.5292 0.9296 0.1222 0.1407
1 0.7222 0.2099 0.0806 0.1284
1 0.6958 0.0556 0.0694 0.1062
1 0.634 0.2901 0.0708 0.1259
0 0.6639 0.5877 0.1389 0.2074
3 0.541 0.2247 0.0625 0.0938
3 0.5062 0.3272 0.1042 0.1358
0 0.2708 0.2778 0.1833 0.121
3 0.3715 0.4383 0.0903 0.1358
3 0.2083 0.1914 0.1111 0.1309
1 0.7361 0.916 0.0833 0.1679
1 0.0431 0.5333 0.075 0.1185
1 0.159 0.7765 0.1125 0.1951
1 0.1785 0.5531 0.0931 0.1481
1 0.1097 0.3667 0.0806 0.1062
1 0.5465 0.0593 0.1069 0.1136
1 0.3722 0.079 0.1056 0.1531
1 0.1854 0.0531 0.0875 0.0815
1 0.1 0.1963 0.0861 0.1111
3 0.6104 0.8914 0.0597 0.1333
