0 0.4271 0.7383 0.1153 0.0593
1 0.3556 0.6358 0.05 0.0765
1 0.384 0.4704 0.0319 0.0519
1 0.3556 0.0815 0.0361 0.0494
1 0.1118 0.6358 0.0847 0.1062
1 0.1847 0.5111 0.05 0.0741
1 0.241 0.4012 0.0431 0.0765
1 0.516 0.8667 0.0653 0.1136
1 0.8285 0.5753 0.0708 0.1185
1 0.6618 0.1605 0.0236 0.0395
3 0.2979 0.7691 0.0931 0.1062
3 0.3854 0.6852 0.0569 0.0716
3 0.5417 0.2049 0.0694 0.0889
3 0.6264 0.4173 0.0361 0.0741
3 0.1681 0.3691 0.0556 0.0667
3 0.2882 0.279 0.0542 0.0889
1 0.8792 0.4605 0.05 0.0765
0 0.7833 0.7901 0.0694 0.1481
1 0.2861 0.7049 0.0472 0.0568
