3 0.8424 0.0815 0.1069 0.158
3 0.7319 0.0877 0.1056 0.1358
3 0.6583 0.216 0.125 0.1901
3 0.6042 0.4049 0.1472 0.2864
0 0.9569 0.2198 0.0861 0.316
0 0.7118 0.8457 0.1347 0.2741
0 0.5604 0.7753 0.1764 0.1827
0 0.3333 0.4173 0.0722 0.2914
1 0.2521 0.958 0.1069 0.084
1 0.3986 0.9111 0.1167 0.1778
1 0.5361 0.9321 0.0917 0.1358
1 0.6556 0.6926 0.1306 0.1704
1 0.8826 0.6099 0.1292 0.2074
1 0.7049 0.5074 0.0958 0.1605
1 0.4764 0.3432 0.1056 0.1827
1 0.4924 0.6 0.0847 0.1481
1 0.2944 0.6605 0.1528 0.2247
1 0.2201 0.4926 0.1153 0.1704
1 0.0819 0.6765 0.1278 0.2222
