1 0.8576 0.1185 0.0986 0.1383
1 0.3944 0.4407 0.05 0.0914
1 0.4313 0.6469 0.0708 0.0938
1 0.4597 0.5148 0.05 0.0914
1 0.5181 0.5259 0.0583 0.079
1 0.5306 0.2975 0.0472 0.0914
1 0.5569 0.3901 0.0667 0.0988
1 0.6014 0.5469 0.0722 0.0914
1 0.6958 0.4062 0.0944 0.1407
1 0.6597 0.1691 0.0583 0.1259
1 0.8653 0.2457 0.0889 0.1309
1 0.5861 0.658 0.075 0.121
1 0.4611 0.9469 0.0806 0.1062
1 0.5708 0.8691 0.0722 0.158
1 0.6611 0.879 0.0944 0.1679
1 0.7639 0.958 0.0889 0.084
1 0.8792 0.6667 0.1167 0.2025
1 0.959 0.5593 0.0819 0.1951
1 0.9597 0.8309 0.0806 0.2148
0 0.4903 0.6938 0.1167 0.1284
0 0.6958 0.6975 0.0694 0.1506
