1 0.6646 0.0432 0.0264 0.0519
3 0.2653 0.1259 0.0417 0.0741
1 0.3458 0.0309 0.0306 0.042
1 0.4542 0.284 0.0278 0.0543
1 0.5007 0.0444 0.0292 0.0494
1 0.5597 0.0519 0.0333 0.0444
1 0.7854 0.2679 0.0458 0.0716
1 0.8125 0.421 0.0417 0.0716
1 0.7653 0.3531 0.0389 0.0691
1 0.5764 0.5889 0.0417 0.0716
1 0.6667 0.6321 0.0389 0.0741
1 0.8465 0.8074 0.0875 0.1037
1 0.3389 0.7667 0.0639 0.1506
1 0.3604 0.5481 0.0431 0.0593
1 0.2764 0.5568 0.0528 0.0716
1 0.1611 0.2988 0.0278 0.0494
1 0.1132 0.1852 0.0403 0.0691
