3 0.6312 0.1321 0.0931 0.1309
3 0.5653 0.0741 0.0694 0.1235
0 0.5319 0.721 0.2 0.2469
2 0.0792 0.2074 0.0694 0.1037
1 0.9368 0.0494 0.1264 0.0938
1 0.7194 0.0395 0.0806 0.0741
1 0.4764 0.1704 0.0694 0.1136
1 0.3597 0.1765 0.0694 0.1111
1 0.1576 0.4 0.0681 0.1185
1 0.1833 0.2642 0.0722 0.1086
1 0.4694 0.3333 0.0639 0.1086
1 0.5292 0.3654 0.0694 0.1333
1 0.6271 0.3506 0.0847 0.1531
1 0.9611 0.5852 0.0778 0.242
1 0.8542 0.3531 0.1361 0.2222
1 0.7118 0.5173 0.0875 0.1753
1 0.6861 0.7642 0.0833 0.1753
1 0.4368 0.6556 0.0736 0.1457
1 0.2736 0.7 0.075 0.1358
3 0.3208 0.3222 0.0889 0.2
3 0.3965 0.4074 0.0847 0.1827
3 0.3708 0.7259 0.0944 0.2123
