1 0.2979 0.5481 0.0347 0.0395
1 0.025 0.7593 0.0444 0.0617
1 0.2021 0.6025 0.0542 0.0543
1 0.4042 0.521 0.05 0.084
1 0.6229 0.4543 0.0486 0.0691
1 0.5826 0.5765 0.0403 0.0617
1 0.3806 0.6037 0.0472 0.0716
1 0.4514 0.7531 0.0806 0.1432
1 0.5611 0.8235 0.0639 0.1407
1 0.309 0.9185 0.1292 0.163
3 0.6417 0.7951 0.0556 0.0938
3 0.6292 0.9074 0.0583 0.0864
3 0.7278 0.6222 0.0639 0.084
3 0.8257 0.4444 0.0597 0.0642
3 0.7208 0.4938 0.05 0.0691
0 0.291 0.6272 0.0792 0.079
0 0.6944 0.616 0.05 0.0617
3 0.6292 0.563 0.05 0.079
