1 0.2257 0.4877 0.0764 0.121
1 0.3743 0.6247 0.0847 0.1481
1 0.4986 0.8235 0.0806 0.1654
1 0.1708 0.7259 0.0694 0.1185
1 0.0472 0.8123 0.0889 0.1728
1 0.0826 0.9556 0.1014 0.0889
1 0.2451 0.8679 0.0903 0.1704
1 0.2097 0.221 0.0722 0.1309
1 0.3028 0.1531 0.0639 0.1037
1 0.209 0.084 0.0681 0.1037
1 0.3042 0.037 0.0528 0.0642
1 0.4465 0.0556 0.0514 0.1012
3 0.1688 0.3346 0.0681 0.116
3 0.2819 0.3309 0.0583 0.079
3 0.4715 0.3827 0.0458 0.084
3 0.3951 0.0728 0.0514 0.0765
3 0.2854 0.6185 0.0681 0.121
0 0.6514 0.6728 0.1639 0.1901
2 0.4674 0.6802 0.0264 0.0469
2 0.3868 0.9037 0.0542 0.1185
