1 0.041 0.9012 0.0736 0.1975
1 0.9604 0.5321 0.0792 0.1556
1 0.5056 0.1506 0.0722 0.1136
1 0.3979 0.1123 0.0792 0.1358
0 0.4924 0.6716 0.1597 0.1531
3 0.6243 0.7358 0.1375 0.2074
3 0.2437 0.4852 0.0986 0.121
3 0.1965 0.6617 0.1264 0.1827
1 0.3521 0.7309 0.0986 0.163
1 0.7382 0.6358 0.0819 0.1506
1 0.6562 0.4568 0.0819 0.1383
1 0.4896 0.2691 0.0653 0.1185
1 0.3042 0.3037 0.0722 0.1136
0 0.4243 0.4185 0.0792 0.1951
3 0.25 0.7778 0.1139 0.1531
3 0.4028 0.8506 0.1 0.1358
3 0.3236 0.6012 0.125 0.1704
