1 0.0382 0.3716 0.0542 0.0815
1 0.2285 0.316 0.0403 0.084
1 0.3826 0.5037 0.0625 0.1086
1 0.5535 0.5568 0.0653 0.1012
1 0.1528 0.2642 0.0444 0.0543
1 0.4785 0.1963 0.0597 0.0963
1 0.566 0.279 0.0514 0.1235
1 0.5924 0.1778 0.0458 0.079
1 0.6326 0.1494 0.0431 0.0864
1 0.6125 0.3543 0.05 0.0815
1 0.6743 0.3494 0.0514 0.0716
1 0.2924 0.3704 0.0458 0.0593
1 0.2938 0.9272 0.0847 0.1457
1 0.2194 0.8383 0.0694 0.1358
1 0.3146 0.7148 0.0681 0.1358
3 0.5674 0.6728 0.0653 0.0963
3 0.5507 0.863 0.0875 0.1309
3 0.3986 0.9148 0.0889 0.1654
