1 0.1729 0.4296 0.1431 0.2074
1 0.5125 0.4148 0.0889 0.163
1 0.6764 0.4877 0.0861 0.1358
1 0.5104 0.6333 0.1014 0.1704
1 0.4542 0.8531 0.1111 0.1951
1 0.9278 0.8963 0.1083 0.1481
1 0.6965 0.2469 0.0875 0.1432
1 0.5139 0.0457 0.0694 0.0864
1 0.7729 0.1704 0.0764 0.0938
1 0.8236 0.2753 0.0611 0.121
1 0.8812 0.2568 0.0542 0.1235
1 0.8187 0.1259 0.0514 0.079
3 0.3222 0.7074 0.1472 0.2395
3 0.5639 0.9025 0.1139 0.1951
3 0.5868 0.4025 0.0597 0.1086
3 0.309 0.1259 0.0875 0.0988
0 0.6389 0.6346 0.175 0.1235
3 0.8535 0.779 0.0708 0.0914
3 0.0708 0.8259 0.1139 0.1704
2 0.9299 0.7926 0.0764 0.1185
2 0.9708 0.4247 0.0389 0.0543
