1 0.3069 0.137 0.0806 0.1358
1 0.4229 0.0617 0.0625 0.1136
1 0.5 0.0519 0.0611 0.0938
1 0.3806 0.2531 0.0694 0.1457
1 0.3444 0.4025 0.0833 0.1383
1 0.4951 0.5519 0.1153 0.1802
1 0.4931 0.1827 0.0694 0.1333
1 0.5868 0.184 0.0736 0.1309
1 0.6924 0.2333 0.0708 0.1259
1 0.7049 0.558 0.0931 0.2025
1 0.8347 0.7272 0.1111 0.1852
3 0.7889 0.4642 0.1222 0.1975
3 0.6014 0.3963 0.0833 0.1012
3 0.4139 0.9333 0.1056 0.1333
0 0.6535 0.7605 0.1903 0.1877
0 0.6861 0.337 0.1222 0.1062
0 0.5924 0.2889 0.0681 0.0988
2 0.9465 0.4395 0.0625 0.1086
