1 0.0569 0.6259 0.0889 0.1111
1 0.2201 0.8901 0.0847 0.1605
1 0.3993 0.9198 0.0903 0.1556
1 0.6014 0.8951 0.0806 0.1407
1 0.825 0.6815 0.0917 0.158
1 0.6972 0.4778 0.075 0.121
1 0.5625 0.3593 0.0722 0.1012
1 0.3521 0.3704 0.0708 0.1136
1 0.3361 0.5605 0.0833 0.1432
1 0.4382 0.4963 0.0792 0.1333
1 0.4674 0.6432 0.0875 0.1407
1 0.5611 0.1543 0.0694 0.0914
1 0.5271 0.5012 0.0431 0.084
1 0.5764 0.6049 0.0778 0.158
1 0.6375 0.1037 0.0528 0.0938
2 0.5507 0.242 0.0292 0.0494
2 0.6951 0.7272 0.0681 0.116
