0 0.5194 0.4444 0.0333 0.163
3 0.5993 0.6444 0.0625 0.079
3 0.4743 0.7951 0.1292 0.1531
0 0.8306 0.2494 0.125 0.0988
0 0.6653 0.679 0.1083 0.158
1 0.7069 0.2444 0.0556 0.0691
1 0.7056 0.3926 0.0694 0.084
1 0.6493 0.3852 0.0514 0.0691
1 0.6146 0.442 0.0458 0.079
1 0.6167 0.5247 0.0667 0.0963
1 0.7201 0.5074 0.0736 0.1012
1 0.7 0.6247 0.0694 0.1136
1 0.709 0.8284 0.0792 0.1309
1 0.5264 0.9469 0.0722 0.1062
1 0.4132 0.942 0.0903 0.116
1 0.5611 0.4136 0.05 0.0914
1 0.4625 0.4111 0.0556 0.0914
1 0.5021 0.6284 0.0625 0.1062
1 0.4125 0.663 0.0694 0.1111
1 0.2708 0.584 0.0861 0.1309
1 0.4458 0.2901 0.0639 0.1062
1 0.2653 0.3506 0.0611 0.0889
