1 0.0674 0.3012 0.1069 0.1383
1 0.2097 0.1333 0.0639 0.0988
1 0.3049 0.0568 0.0542 0.0889
1 0.2007 0.0469 0.0514 0.0889
1 0.3597 0.1049 0.0556 0.1062
1 0.2771 0.2704 0.0597 0.1062
1 0.3604 0.2074 0.0653 0.0889
1 0.3917 0.3383 0.0917 0.1333
1 0.2306 0.4074 0.1056 0.158
1 0.0299 0.6506 0.0542 0.1753
1 0.1007 0.663 0.0569 0.1111
3 0.1896 0.2778 0.0542 0.0864
3 0.4354 0.0765 0.0764 0.0889
3 0.475 0.2358 0.1 0.1457
3 0.5549 0.1926 0.0597 0.1136
3 0.5514 0.3074 0.1111 0.1556
3 0.6882 0.4519 0.1042 0.1383
3 0.7569 0.7642 0.1222 0.1457
3 0.8868 0.2432 0.1431 0.1753
3 0.891 0.4531 0.1208 0.1259
2 0.5007 0.4198 0.0236 0.0296
2 0.6618 0.3617 0.0208 0.0272
2 0.9326 0.5988 0.1181 0.1802
3 0.2333 0.5802 0.0694 0.1086
0 0.0715 0.5012 0.0653 0.1284
2 0.8243 0.4864 0.0681 0.0938
