1 0.2132 0.058 0.0431 0.0765
1 0.3771 0.3395 0.0597 0.121
1 0.241 0.7148 0.0819 0.1457
1 0.3257 0.6333 0.0681 0.1062
1 0.3639 0.8901 0.0889 0.1407
1 0.2514 0.963 0.0944 0.0741
1 0.6347 0.8914 0.0944 0.1827
1 0.6764 0.6123 0.0806 0.1333
1 0.8278 0.4926 0.1028 0.1556
1 0.9653 0.5568 0.0694 0.1951
1 0.9444 0.8235 0.1111 0.2049
1 0.6806 0.0864 0.0917 0.1333
1 0.884 0.0926 0.1292 0.1605
3 0.6153 0.1889 0.0944 0.1358
3 0.7014 0.2185 0.0917 0.1309
3 0.6847 0.3272 0.0972 0.1358
3 0.5597 0.4802 0.0722 0.1802
3 0.6299 0.5012 0.0819 0.1037
3 0.4375 0.9247 0.0667 0.1457
3 0.2736 0.2605 0.0639 0.1407
3 0.5375 0.2148 0.0667 0.0988
3 0.9486 0.1827 0.1028 0.1185
3 0.2764 0.4012 0.05 0.0864
1 0.1132 0.4926 0.0847 0.1407
