1 0.1972 0.0432 0.1111 0.0815
1 0.0653 0.0617 0.1278 0.1185
1 0.1264 0.9025 0.0861 0.1556
1 0.1958 0.9469 0.0778 0.0914
1 0.3035 0.9506 0.0819 0.0988
1 0.3986 0.916 0.0833 0.1679
1 0.5028 0.7802 0.0889 0.1679
1 0.3903 0.6938 0.0833 0.1432
1 0.7167 0.563 0.0917 0.1333
1 0.4035 0.1901 0.1347 0.1778
1 0.2049 0.2099 0.1153 0.1531
1 0.116 0.4136 0.0764 0.116
1 0.1264 0.2877 0.0778 0.1012
1 0.0625 0.2049 0.0722 0.1235
1 0.1896 0.3741 0.0736 0.1062
1 0.2611 0.337 0.0861 0.1012
1 0.3424 0.3358 0.0986 0.1284
1 0.2799 0.4889 0.0625 0.1136
1 0.4625 0.3605 0.1 0.1235
1 0.5986 0.2864 0.1667 0.1975
1 0.7264 0.0556 0.0806 0.1062
3 0.6139 0.1235 0.2139 0.242
3 0.1458 0.6272 0.075 0.1284
3 0.0451 0.8395 0.0681 0.1975
3 0.634 0.6519 0.0847 0.158
3 0.6868 0.8815 0.1347 0.2123
3 0.5424 0.9136 0.1014 0.163
3 0.2917 0.6185 0.0556 0.1012
0 0.4931 0.4852 0.1167 0.1062
0 0.5625 0.4901 0.0889 0.2148
0 0.2194 0.8481 0.0528 0.1457
0 0.409 0.5457 0.1458 0.1185
