1 0.5049 0.1975 0.0681 0.1185
1 0.2583 0.3506 0.0861 0.1136
1 0.4556 0.5259 0.075 0.0988
1 0.3736 0.6148 0.0833 0.1432
1 0.4882 0.7877 0.0819 0.163
1 0.3875 0.9086 0.0944 0.1679
1 0.2458 0.9506 0.075 0.0988
1 0.7785 0.8333 0.1069 0.1753
1 0.8451 0.5457 0.1208 0.1778
3 0.4014 0.1062 0.0639 0.1531
3 0.7132 0.3642 0.0931 0.2
3 0.6965 0.0778 0.0681 0.1358
3 0.8792 0.2012 0.1528 0.1852
3 0.9049 0.0864 0.1236 0.1333
3 0.8076 0.0568 0.1264 0.1086
3 0.7389 0.5086 0.0917 0.1086
3 0.791 0.4111 0.0931 0.1259
0 0.4083 0.4148 0.0444 0.1778
3 0.5667 0.8198 0.0667 0.1481
3 0.5451 0.6778 0.0597 0.1062
