0 0.9403 0.1358 0.1194 0.1235
0 0.9132 0.2284 0.0708 0.1506
0 0.4743 0.5086 0.1042 0.0938
0 0.434 0.3975 0.1264 0.0988
0 0.5694 0.2926 0.1056 0.0963
0 0.55 0.1099 0.1056 0.2148
0 0.2722 0.3136 0.1 0.0889
3 0.8535 0.8247 0.1375 0.2272
3 0.2188 0.9173 0.1236 0.1654
3 0.1313 0.8679 0.0681 0.121
1 0.7243 0.7741 0.0931 0.1704
1 0.6382 0.8099 0.0847 0.1432
1 0.7472 0.616 0.0722 0.121
1 0.6417 0.5926 0.0611 0.1284
1 0.4625 0.8444 0.0833 0.1383
1 0.4403 0.6185 0.0583 0.0914
1 0.3403 0.5284 0.0694 0.1136
1 0.3097 0.2568 0.0806 0.1136
1 0.3403 0.1284 0.0556 0.079
1 0.0694 0.3395 0.0694 0.0914
