0 0.2236 0.6914 0.1083 0.0691
1 0.2076 0.3593 0.0403 0.0568
1 0.1542 0.5593 0.0667 0.1012
1 0.259 0.8617 0.0875 0.1037
1 0.2104 0.8074 0.0653 0.0494
1 0.5958 0.5802 0.0583 0.1185
1 0.666 0.4531 0.0486 0.0864
1 0.7681 0.863 0.0806 0.121
1 0.0229 0.2778 0.0431 0.0667
1 0.0222 0.7037 0.0389 0.0642
1 0.491 0.0901 0.0264 0.0469
3 0.0326 0.7802 0.0625 0.0889
3 0.1042 0.6 0.0444 0.0691
3 0.1785 0.6148 0.0708 0.0741
3 0.0889 0.1395 0.0472 0.0617
3 0.3653 0.1123 0.075 0.1012
3 0.7889 0.358 0.0722 0.0741
3 0.9194 0.4679 0.0889 0.0815
3 0.6542 0.5531 0.0639 0.0938
3 0.8438 0.221 0.0514 0.0568
3 0.4417 0.3654 0.0444 0.0691
0 0.5375 0.7852 0.0583 0.1531
0 0.9486 0.4444 0.1 0.1481
0 0.8826 0.8852 0.0819 0.1951
