3 0.6097 0.5395 0.0278 0.0469
3 0.0736 0.8272 0.0528 0.0642
3 0.1771 0.8395 0.0458 0.0444
3 0.2944 0.6123 0.0417 0.0691
3 0.2889 0.7728 0.0444 0.0642
3 0.6299 0.9173 0.0292 0.0667
3 0.7021 0.6691 0.0653 0.084
3 0.8549 0.4136 0.0319 0.037
3 0.8549 0.5321 0.0486 0.0667
3 0.7424 0.4457 0.0375 0.0469
1 0.7007 0.5617 0.0347 0.0469
1 0.8139 0.3432 0.0361 0.0494
1 0.5924 0.9358 0.0264 0.0642
1 0.5604 0.8593 0.0292 0.0494
1 0.4243 0.7877 0.0208 0.0444
1 0.4917 0.7173 0.0361 0.0568
1 0.25 0.8 0.0306 0.0395
1 0.2396 0.6358 0.0347 0.0667
1 0.2542 0.4864 0.0278 0.0494
1 0.2201 0.4049 0.0319 0.0444
