3 0.8542 0.358 0.0611 0.0938
3 0.6097 0.6049 0.0833 0.1136
1 0.175 0.3 0.0417 0.0815
1 0.2604 0.3802 0.0514 0.0938
1 0.2264 0.2926 0.0556 0.0914
1 0.2542 0.0691 0.0694 0.1235
1 0.9819 0.2395 0.0361 0.079
1 0.9729 0.1543 0.0542 0.0815
1 0.941 0.0642 0.0708 0.084
1 0.8743 0.163 0.0597 0.0889
1 0.8028 0.1864 0.0611 0.0914
1 0.7118 0.1185 0.0458 0.0642
1 0.6847 0.2358 0.0417 0.0617
1 0.6312 0.2123 0.0514 0.084
1 0.5826 0.2074 0.0486 0.084
1 0.6194 0.3284 0.0639 0.0938
1 0.5049 0.3679 0.0514 0.1037
1 0.409 0.458 0.0514 0.0765
1 0.3215 0.5815 0.0542 0.0815
1 0.3986 0.5877 0.0472 0.0889
1 0.7097 0.7741 0.0917 0.1457
1 0.5285 0.6642 0.0708 0.1235
1 0.3 0.8309 0.0972 0.1506
2 0.4292 0.079 0.05 0.084
