1 0.4167 0.4864 0.0639 0.1284
1 0.2118 0.0296 0.0569 0.0543
1 0.3153 0.063 0.0417 0.0765
1 0.2021 0.2852 0.0625 0.1012
1 0.2861 0.3728 0.0833 0.1086
1 0.4021 0.321 0.0569 0.0889
1 0.1118 0.3938 0.1097 0.1309
1 0.1201 0.542 0.1069 0.1704
1 0.2625 0.5593 0.0833 0.1309
1 0.5319 0.4074 0.0583 0.0988
1 0.5479 0.1716 0.0458 0.0914
1 0.5951 0.1827 0.0431 0.084
1 0.7215 0.3012 0.0625 0.084
1 0.4722 0.5222 0.05 0.116
1 0.3646 0.7926 0.1097 0.1728
1 0.2431 0.921 0.1306 0.158
1 0.6083 0.4988 0.0667 0.1037
1 0.6833 0.4642 0.0694 0.1086
1 0.7319 0.421 0.0611 0.1062
1 0.8194 0.4877 0.0639 0.0914
1 0.6924 0.5741 0.0681 0.1259
1 0.7736 0.7111 0.0861 0.1383
1 0.7799 0.5519 0.0986 0.1852
1 0.8917 0.9457 0.1 0.1086
3 0.2736 0.7222 0.1083 0.1753
3 0.8618 0.6519 0.1042 0.1827
0 0.6118 0.6593 0.1125 0.2815
