1 0.1451 0.7481 0.1042 0.158
1 0.3229 0.716 0.0847 0.1284
1 0.5285 0.8543 0.0847 0.1383
1 0.684 0.4333 0.0792 0.121
1 0.7083 0.2 0.0556 0.0889
1 0.225 0.4309 0.0639 0.0914
1 0.3104 0.5395 0.0847 0.121
1 0.3201 0.4012 0.0847 0.1506
1 0.4382 0.4235 0.0708 0.1358
1 0.5292 0.4704 0.0583 0.1309
1 0.5014 0.2296 0.05 0.0741
1 0.5292 0.3235 0.0917 0.1037
1 0.5771 0.2679 0.0486 0.1012
1 0.2062 0.1309 0.0653 0.0938
1 0.391 0.0432 0.0653 0.0765
1 0.491 0.0951 0.0542 0.0914
1 0.55 0.0988 0.0528 0.0988
1 0.6972 0.0938 0.0583 0.0741
3 0.5861 0.5728 0.0694 0.084
