2 0.5563 0.8543 0.1069 0.1877
3 0.6889 0.6444 0.0889 0.1432
0 0.5521 0.0864 0.0486 0.1037
0 0.6438 0.0704 0.0569 0.1111
0 0.6944 0.1407 0.0639 0.1086
0 0.5979 0.1568 0.0514 0.0864
0 0.4132 0.1519 0.0653 0.0864
0 0.4847 0.221 0.0528 0.0815
0 0.5146 0.3259 0.0625 0.0938
0 0.3243 0.4222 0.0792 0.0938
0 0.4521 0.5395 0.0625 0.121
0 0.5215 0.684 0.0847 0.1284
0 0.309 0.6716 0.0764 0.0988
0 0.3674 0.5778 0.0625 0.1136
0 0.1903 0.5975 0.0889 0.1136
0 0.7326 0.3444 0.1431 0.1506
2 0.1681 0.7494 0.0444 0.0864
