2 0.7924 0.7642 0.1069 0.2099
1 0.0368 0.1296 0.0625 0.1012
1 0.0854 0.2679 0.0931 0.1062
1 0.2069 0.1247 0.0667 0.0963
1 0.341 0.0938 0.0569 0.0889
1 0.3458 0.1679 0.0528 0.084
1 0.2806 0.2272 0.0667 0.0988
1 0.2319 0.3494 0.0722 0.116
1 0.4514 0.4568 0.0667 0.1136
1 0.3326 0.4321 0.0819 0.1185
1 0.3743 0.2889 0.0819 0.1136
1 0.3035 0.3444 0.0819 0.1358
1 0.4125 0.3802 0.05 0.0494
1 0.1833 0.8148 0.125 0.1827
1 0.1562 0.5148 0.0681 0.1062
1 0.0528 0.5321 0.0944 0.1506
1 0.0306 0.7741 0.0528 0.116
1 0.0417 0.8901 0.0806 0.1506
1 0.284 0.0543 0.0375 0.0691
3 0.4444 0.1864 0.0833 0.121
3 0.5111 0.237 0.0639 0.1136
3 0.6326 0.3383 0.0708 0.1284
3 0.7896 0.3235 0.0792 0.1086
3 0.6924 0.5938 0.1014 0.1852
3 0.7882 0.1568 0.1097 0.1358
0 0.6847 0.8062 0.0722 0.2346
2 0.8278 0.437 0.0861 0.1432
1 0.5431 0.9136 0.1083 0.1728
2 0.4715 0.3333 0.0208 0.0346
2 0.7396 0.3593 0.0542 0.0765
