2 0.6174 0.1654 0.0847 0.1284
0 0.2292 0.2654 0.1 0.1457
1 0.0187 0.3963 0.0292 0.1457
1 0.1021 0.3481 0.0708 0.1235
1 0.3222 0.6235 0.1056 0.1654
1 0.166 0.1778 0.0847 0.1235
1 0.209 0.0543 0.0792 0.0988
1 0.325 0.0667 0.0861 0.1284
1 0.0403 0.1716 0.0528 0.1012
3 0.1118 0.0716 0.0958 0.1333
0 0.2708 0.8642 0.1083 0.2025
0 0.6764 0.7457 0.0722 0.316
2 0.5576 0.7728 0.0986 0.1679
0 0.8507 0.4321 0.0681 0.2321
0 0.1306 0.2556 0.1222 0.0864
0 0.0778 0.2222 0.1056 0.1481
2 0.4097 0.5272 0.0389 0.0617
