3 0.7361 0.8383 0.0917 0.1259
3 0.9062 0.637 0.1014 0.0938
3 0.7583 0.6086 0.0722 0.0815
1 0.1521 0.163 0.0319 0.0444
1 0.3771 0.4383 0.0431 0.0617
1 0.3104 0.9506 0.1208 0.0988
1 0.5757 0.6222 0.0486 0.0741
1 0.6347 0.4704 0.0583 0.0963
1 0.0597 0.5543 0.0694 0.0667
1 0.3264 0.5099 0.0889 0.1111
1 0.2722 0.6741 0.0722 0.1037
0 0.8819 0.6963 0.0611 0.0889
0 0.7049 0.7543 0.0653 0.0963
0 0.6451 0.684 0.0653 0.1432
0 0.2667 0.4173 0.0611 0.0395
0 0.1521 0.6531 0.1236 0.0914
0 0.1549 0.5037 0.0708 0.0543
3 0.6194 0.6272 0.0528 0.084
0 0.7278 0.5889 0.0583 0.1111
1 0.2181 0.4556 0.0528 0.0617
1 0.4771 0.9704 0.0764 0.0593
