0 0.4972 0.6185 0.1556 0.1901
3 0.7653 0.5951 0.1417 0.1827
3 0.8083 0.4506 0.1083 0.1358
3 0.6153 0.7704 0.0917 0.1728
3 0.4354 0.5235 0.0903 0.1383
1 0.9035 0.0605 0.1514 0.116
1 0.7694 0.2519 0.1167 0.1975
1 0.5785 0.3568 0.0931 0.1704
1 0.4465 0.9321 0.0819 0.1309
1 0.3736 0.7407 0.0556 0.1086
1 0.2958 0.9259 0.0861 0.0988
1 0.2083 0.8296 0.0972 0.158
1 0.2403 0.5975 0.0722 0.1086
1 0.3597 0.5753 0.0694 0.1086
1 0.4118 0.416 0.0736 0.1111
1 0.2958 0.3605 0.0583 0.1284
1 0.359 0.3025 0.0542 0.0815
1 0.4069 0.2309 0.0778 0.1259
1 0.4903 0.2025 0.0889 0.1284
1 0.4549 0.0543 0.0875 0.0938
