2 0.116 0.6123 0.0569 0.1086
3 0.6465 0.6605 0.0847 0.1259
3 0.7562 0.5815 0.1208 0.2148
3 0.6625 0.4383 0.1028 0.1605
1 0.9403 0.0531 0.1167 0.0914
1 0.6493 0.0753 0.0847 0.0963
1 0.5847 0.1481 0.0528 0.0642
1 0.7868 0.921 0.1264 0.158
1 0.6424 0.8852 0.0903 0.1802
1 0.5646 0.7765 0.0875 0.1506
1 0.9097 0.4296 0.1361 0.2568
1 0.5542 0.2765 0.0722 0.1778
1 0.2097 0.8593 0.0778 0.1284
1 0.2229 0.6988 0.0792 0.1235
1 0.5507 0.5444 0.0764 0.1309
1 0.4125 0.5593 0.0722 0.1259
1 0.4278 0.342 0.0694 0.1259
1 0.2611 0.3358 0.0583 0.1037
1 0.3965 0.0654 0.0653 0.0914
3 0.3833 0.7444 0.1167 0.2494
3 0.3243 0.7259 0.0653 0.1728
