3 0.5458 0.5617 0.1 0.1358
1 0.859 0.5099 0.1042 0.1556
1 0.7701 0.5173 0.0819 0.1556
1 0.8097 0.3679 0.0667 0.1235
1 0.7347 0.3383 0.0667 0.0988
1 0.6562 0.3877 0.0764 0.1185
1 0.6056 0.4778 0.0889 0.1605
1 0.6104 0.7506 0.0708 0.1481
1 0.5396 0.8519 0.0958 0.1432
1 0.1847 0.837 0.0917 0.1333
1 0.3889 0.9395 0.0889 0.121
1 0.3944 0.7728 0.0889 0.1333
1 0.4813 0.6383 0.0875 0.121
1 0.4917 0.4296 0.075 0.1235
1 0.6556 0.2593 0.0556 0.1136
1 0.5368 0.3025 0.0708 0.1012
1 0.4389 0.2568 0.0639 0.1136
1 0.909 0.1963 0.0458 0.1012
1 0.7229 0.1333 0.0458 0.0741
1 0.6118 0.0704 0.0542 0.1012
1 0.4604 0.1037 0.0514 0.1037
1 0.3639 0.1531 0.0694 0.1037
