1 0.0493 0.5235 0.0708 0.084
1 0.1472 0.5111 0.0861 0.0938
1 0.2451 0.4642 0.0653 0.0889
1 0.1757 0.2654 0.0569 0.0963
1 0.1528 0.3926 0.0722 0.1037
1 0.3569 0.5654 0.0778 0.158
1 0.4257 0.479 0.0764 0.1235
1 0.5215 0.4802 0.0653 0.116
1 0.4729 0.5877 0.0958 0.163
1 0.5514 0.6691 0.0917 0.1679
1 0.4326 0.8358 0.1042 0.1852
1 0.216 0.6309 0.1153 0.121
1 0.109 0.7037 0.0931 0.1432
1 0.1583 0.8938 0.1 0.1827
1 0.2826 0.9543 0.1014 0.0914
1 0.6576 0.8358 0.0903 0.1259
3 0.3236 0.2432 0.0556 0.1111
3 0.2396 0.316 0.0653 0.1136
3 0.2979 0.7222 0.0958 0.1556
0 0.5479 0.8247 0.1097 0.1432
2 0.8146 0.2975 0.0681 0.1012
2 0.9417 0.6667 0.0639 0.0988
