1 0.4813 0.1346 0.0292 0.042
3 0.8042 0.9333 0.0389 0.0741
0 0.6757 0.4407 0.0931 0.1753
3 0.4715 0.9716 0.0514 0.0568
3 0.2201 0.9432 0.0542 0.0889
3 0.1708 0.8951 0.0639 0.1012
3 0.3563 0.821 0.0486 0.0716
3 0.5549 0.5741 0.0514 0.0914
3 0.4285 0.3235 0.0708 0.1284
3 0.0576 0.663 0.0792 0.1062
1 0.5951 0.9123 0.0597 0.1111
1 0.3389 0.737 0.0528 0.0716
1 0.8479 0.9235 0.0514 0.0889
1 0.6132 0.1691 0.0292 0.0519
1 0.6507 0.6222 0.0486 0.0988
1 0.5236 0.3728 0.0556 0.0938
1 0.2368 0.3235 0.0542 0.079
