3 0.8854 0.6272 0.0931 0.1086
1 0.1326 0.3593 0.0708 0.1062
1 0.5201 0.179 0.0514 0.0568
1 0.0347 0.7284 0.0639 0.0889
1 0.1313 0.9568 0.0819 0.0864
1 0.8208 0.9395 0.1417 0.121
1 0.7924 0.6136 0.0792 0.116
1 0.9493 0.3 0.0542 0.0815
1 0.8819 0.2827 0.0722 0.0765
1 0.9118 0.3926 0.0792 0.084
1 0.7764 0.3877 0.0611 0.0889
1 0.6625 0.4358 0.0528 0.0617
1 0.6611 0.5025 0.0389 0.0617
1 0.5771 0.4864 0.0514 0.0642
1 0.5632 0.6247 0.0931 0.1185
1 0.4285 0.7975 0.0847 0.1136
1 0.2486 0.7481 0.0806 0.0889
1 0.4174 0.3136 0.0569 0.0642
