3 0.5389 0.4025 0.0528 0.0642
3 0.6062 0.4765 0.0458 0.0593
3 0.384 0.6358 0.0486 0.0667
3 0.3403 0.6914 0.05 0.0642
1 0.5437 0.284 0.0208 0.0296
1 0.5736 0.2284 0.0167 0.0321
1 0.9799 0.3642 0.0403 0.0864
1 0.95 0.2259 0.0417 0.0667
1 0.8688 0.8383 0.0597 0.1062
1 0.7625 0.721 0.05 0.1037
1 0.775 0.5926 0.0639 0.0938
1 0.6889 0.6136 0.0444 0.0815
1 0.6271 0.3667 0.0403 0.0667
1 0.4458 0.9099 0.0417 0.0864
1 0.391 0.7938 0.0264 0.0667
1 0.4243 0.5481 0.0319 0.0543
1 0.341 0.5444 0.0264 0.0617
1 0.1597 0.7802 0.0417 0.0543
