1 0.3931 0.2185 0.0583 0.0864
1 0.366 0.4901 0.0653 0.1062
1 0.3736 0.6333 0.0583 0.1111
1 0.4722 0.3667 0.0667 0.1012
1 0.4875 0.4901 0.0833 0.1259
1 0.4785 0.6383 0.0736 0.121
1 0.6347 0.2284 0.0639 0.1111
1 0.8896 0.2444 0.0736 0.1333
1 0.8132 0.3642 0.0764 0.116
1 0.9618 0.3185 0.0764 0.1432
1 0.9458 0.5395 0.1083 0.1605
1 0.8 0.5654 0.1028 0.163
1 0.7896 0.9469 0.1014 0.1062
1 0.5299 0.9469 0.0569 0.0914
3 0.3688 0.8432 0.0986 0.1457
3 0.5375 0.816 0.05 0.0914
3 0.7347 0.6728 0.0778 0.1457
3 0.8868 0.7988 0.0764 0.1407
3 0.7347 0.4556 0.0667 0.1062
0 0.4062 0.7136 0.0958 0.0691
1 0.1993 0.542 0.0958 0.116
3 0.3799 0.3494 0.0625 0.121
0 0.625 0.3531 0.0639 0.079
