1 0.0326 0.5198 0.0625 0.1358
3 0.9542 0.6395 0.0917 0.1383
0 0.6188 0.6222 0.1347 0.1679
3 0.9417 0.3037 0.1139 0.1728
3 0.8778 0.2 0.0944 0.1284
3 0.7486 0.7506 0.1028 0.158
3 0.6132 0.9 0.1319 0.2
3 0.4639 0.4321 0.1 0.2222
3 0.7097 0.3259 0.0944 0.1235
3 0.6722 0.2037 0.1056 0.1605
1 0.9604 0.4506 0.0792 0.2247
1 0.4451 0.8222 0.0903 0.1778
1 0.3465 0.4012 0.0653 0.1407
1 0.2701 0.5444 0.0958 0.1358
1 0.2333 0.3617 0.0833 0.1309
1 0.1319 0.342 0.0778 0.1111
1 0.5465 0.384 0.0569 0.1062
1 0.3806 0.1914 0.0917 0.1802
1 0.2687 0.1988 0.0903 0.1506
1 0.1042 0.1765 0.1 0.1309
3 0.5292 0.921 0.1333 0.158
