0 0.95 0.7802 0.1 0.1284
0 0.4674 0.4741 0.0931 0.1284
0 0.3771 0.4222 0.0403 0.1086
0 0.6681 0.5235 0.1028 0.2469
0 0.5208 0.8049 0.1778 0.1185
3 0.4542 0.9444 0.1 0.1111
1 0.2521 0.2691 0.0514 0.0938
1 0.2833 0.7222 0.075 0.1407
1 0.2368 0.5086 0.1014 0.1333
1 0.4104 0.2728 0.0708 0.0963
1 0.4326 0.1617 0.0458 0.0864
1 0.5486 0.5062 0.0528 0.1333
1 0.5069 0.3395 0.0472 0.0963
1 0.5708 0.3123 0.0722 0.1407
1 0.5306 0.1247 0.0694 0.116
1 0.4389 0.042 0.0361 0.0593
1 0.3757 0.0914 0.0514 0.0889
3 0.4681 0.5605 0.0667 0.0938
1 0.9597 0.579 0.0806 0.2247
1 0.3743 0.9741 0.0764 0.0519
