2 0.8187 0.8716 0.1403 0.2321
1 0.0965 0.1481 0.0681 0.1333
1 0.2153 0.2679 0.0611 0.1309
1 0.2743 0.3383 0.0653 0.0988
1 0.291 0.2062 0.0625 0.121
1 0.3653 0.1432 0.05 0.0988
1 0.2431 0.1395 0.0528 0.0914
1 0.2056 0.0951 0.0722 0.1062
1 0.3187 0.0407 0.0431 0.0765
1 0.4174 0.0321 0.0736 0.0543
1 0.5549 0.3556 0.0903 0.1531
1 0.2778 0.9568 0.0889 0.0864
0 0.4854 0.584 0.1431 0.1852
0 0.5056 0.7654 0.2306 0.1827
2 0.7035 0.8963 0.0764 0.1235
2 0.7937 0.4901 0.1069 0.1506
2 0.3229 0.4654 0.1014 0.1605
2 0.709 0.5062 0.0597 0.0988
