3 0.2174 0.479 0.1625 0.158
1 0.5486 0.1025 0.0694 0.0963
1 0.6646 0.1617 0.0736 0.1259
1 0.8285 0.1444 0.0708 0.1062
1 0.5278 0.4605 0.0889 0.1407
1 0.6931 0.8049 0.0806 0.1728
1 0.8944 0.342 0.075 0.116
1 0.8951 0.4753 0.0681 0.0963
1 0.8743 0.6086 0.0597 0.1111
1 0.8264 0.616 0.0639 0.1062
1 0.7819 0.6901 0.0889 0.116
1 0.8132 0.8198 0.0653 0.158
1 0.8639 0.7926 0.0528 0.1185
0 0.1632 0.2469 0.0931 0.1136
0 0.7056 0.5963 0.0944 0.2741
2 0.9549 0.6704 0.0347 0.0617
2 0.8924 0.9753 0.0375 0.0494
