1 0.25 0.9296 0.1111 0.1407
1 0.0354 0.5395 0.0653 0.2049
1 0.1437 0.0728 0.0792 0.116
1 0.1882 0.4185 0.0986 0.1654
1 0.3187 0.484 0.0903 0.1432
1 0.4826 0.3827 0.0875 0.1333
1 0.3785 0.7358 0.1208 0.2025
1 0.6799 0.7062 0.1042 0.1778
3 0.2562 0.1802 0.1569 0.1679
3 0.3944 0.1741 0.1333 0.1951
3 0.5146 0.2444 0.1264 0.1333
3 0.6007 0.4852 0.1625 0.1605
3 0.7667 0.5346 0.1083 0.1704
3 0.5229 0.6481 0.1264 0.1407
3 0.1403 0.6605 0.1361 0.1654
3 0.2514 0.6037 0.15 0.1654
3 0.0368 0.7568 0.0708 0.1654
2 0.9042 0.7975 0.075 0.1136
0 0.8174 0.6247 0.0986 0.2173
