2 0.1021 0.8457 0.0236 0.0321
2 0.1486 0.9617 0.0306 0.0716
0 0.6528 0.6481 0.0639 0.0963
0 0.5819 0.642 0.0722 0.1531
0 0.9444 0.3543 0.1111 0.116
0 0.941 0.6778 0.1181 0.2
0 0.3493 0.1123 0.0708 0.1062
3 0.525 0.3926 0.0389 0.0593
1 0.3222 0.6556 0.0556 0.0716
3 0.2778 0.7259 0.0444 0.0543
3 0.7194 0.4753 0.0583 0.0765
3 0.6965 0.884 0.0847 0.079
3 0.5535 0.6679 0.0736 0.1111
3 0.4632 0.5481 0.0653 0.0691
3 0.2653 0.8222 0.0639 0.1185
3 0.0528 0.5568 0.0667 0.1062
1 0.7903 0.4222 0.0333 0.0889
1 0.2 0.8605 0.0694 0.1457
1 0.6757 0.7716 0.0792 0.1309
1 0.8215 0.0741 0.0458 0.0593
1 0.7722 0.158 0.0278 0.0543
1 0.8944 0.2457 0.0528 0.0716
1 0.75 0.284 0.0278 0.0741
1 0.4493 0.0654 0.0431 0.0716
1 0.1354 0.2259 0.0292 0.0469
