1 0.0819 0.3963 0.1194 0.1753
1 0.2188 0.337 0.0792 0.1111
1 0.3076 0.3938 0.0986 0.1358
1 0.4292 0.442 0.0889 0.1432
1 0.5639 0.4901 0.0861 0.1457
1 0.4049 0.5926 0.0653 0.0988
1 0.1764 0.5247 0.1056 0.1654
1 0.0236 0.5469 0.0444 0.1654
3 0.3049 0.2185 0.0708 0.1062
3 0.3833 0.3185 0.1083 0.1383
3 0.2799 0.5568 0.0931 0.1457
3 0.4236 0.8198 0.1639 0.2765
3 0.5465 0.6543 0.1236 0.1975
3 0.2437 0.937 0.1347 0.1259
0 0.6681 0.1123 0.1 0.1654
0 0.4979 0.3012 0.1125 0.0988
0 0.691 0.6765 0.1347 0.1432
0 0.7715 0.9296 0.1181 0.1407
3 0.6479 0.4123 0.1125 0.1481
0 0.4542 0.058 0.0833 0.0914
