3 0.7674 0.4802 0.0653 0.0765
3 0.5604 0.8704 0.0931 0.1704
3 0.5799 0.616 0.0736 0.1358
3 0.5632 0.4556 0.0625 0.116
0 0.6736 0.5716 0.0861 0.1062
0 0.6174 0.3173 0.0903 0.1111
0 0.1465 0.2667 0.1569 0.1432
1 0.6042 0.958 0.0611 0.084
1 0.6243 0.7333 0.0736 0.1037
1 0.3507 0.942 0.1153 0.116
1 0.441 0.9099 0.0903 0.1556
1 0.3535 0.8111 0.0681 0.1111
1 0.2493 0.9086 0.0903 0.1531
1 0.1028 0.9395 0.1056 0.121
1 0.8514 0.4802 0.0528 0.0963
1 0.7951 0.5432 0.0597 0.079
1 0.8215 0.1198 0.0347 0.0914
1 0.7778 0.1284 0.0556 0.0889
1 0.6847 0.084 0.0556 0.0988
1 0.6514 0.2272 0.0556 0.1086
1 0.5424 0.1568 0.0625 0.1407
1 0.5347 0.2827 0.0639 0.1111
1 0.4938 0.3864 0.0653 0.1111
1 0.3875 0.4407 0.0667 0.116
1 0.1583 0.5469 0.0889 0.0864
1 0.325 0.0988 0.0778 0.1136
1 0.2264 0.121 0.0528 0.079
1 0.1229 0.1728 0.0903 0.1235
