2 0.891 0.3741 0.0431 0.0469
2 0.3417 0.5815 0.0389 0.037
2 0.3181 0.6148 0.0222 0.0395
2 0.5062 0.5827 0.0264 0.0296
2 0.3764 0.3086 0.0556 0.0543
2 0.4014 0.279 0.0389 0.0444
1 0.7924 0.7654 0.1069 0.163
1 0.7562 0.6111 0.1014 0.1852
1 0.7299 0.4383 0.1125 0.1556
1 0.6632 0.5272 0.0903 0.1358
1 0.8597 0.5123 0.1222 0.1654
1 0.8139 0.3407 0.0694 0.1086
1 0.8069 0.2123 0.0694 0.1383
1 0.7375 0.1333 0.0583 0.1136
1 0.6312 0.2222 0.0708 0.1037
1 0.4667 0.1864 0.0583 0.1012
1 0.2979 0.9123 0.0875 0.1753
1 0.5799 0.8136 0.0708 0.1457
1 0.4271 0.9395 0.0958 0.121
1 0.4903 0.7506 0.0778 0.1679
1 0.4125 0.7741 0.0667 0.1358
1 0.3583 0.5099 0.0583 0.0914
1 0.2903 0.5235 0.0722 0.1037
1 0.5014 0.3704 0.0778 0.1136
1 0.3792 0.3852 0.0639 0.084
1 0.4264 0.4951 0.075 0.0716
1 0.4104 0.579 0.0764 0.0963
1 0.2604 0.6444 0.0736 0.1037
1 0.9007 0.7037 0.1375 0.1728
