1 0.4111 0.3765 0.0611 0.116
1 0.1215 0.6383 0.1153 0.1802
1 0.3264 0.4519 0.0917 0.1333
1 0.3097 0.584 0.0833 0.1407
1 0.4062 0.5889 0.0625 0.1062
1 0.4361 0.7309 0.0778 0.1383
1 0.5785 0.8716 0.0792 0.1333
1 0.3597 0.9247 0.0861 0.1506
1 0.2354 0.9519 0.0986 0.0963
1 0.7924 0.7099 0.0708 0.121
1 0.8514 0.7728 0.0667 0.1333
0 0.6674 0.4691 0.0625 0.2568
1 0.0424 0.2654 0.0736 0.1654
1 0.1042 0.2988 0.0556 0.1432
3 0.7188 0.6519 0.0819 0.1185
2 0.4667 0.9716 0.0194 0.0469
2 0.4326 0.4753 0.0792 0.121
