3 0.5243 0.3012 0.0819 0.163
1 0.0431 0.3901 0.0778 0.1531
1 0.3333 0.2481 0.0778 0.1259
1 0.3618 0.4383 0.0903 0.1556
1 0.0618 0.8395 0.1181 0.2173
1 0.2896 0.9111 0.1097 0.1778
1 0.4229 0.8235 0.0875 0.1457
1 0.5181 0.4321 0.0889 0.1481
1 0.5951 0.6148 0.0903 0.1481
1 0.7431 0.5852 0.0944 0.1432
1 0.7056 0.784 0.0917 0.1704
1 0.5938 0.4667 0.0681 0.1333
1 0.6507 0.3333 0.0681 0.1086
1 0.7285 0.379 0.0819 0.121
1 0.7417 0.0938 0.0806 0.1333
1 0.3146 0.158 0.0597 0.0593
1 0.3618 0.1346 0.0514 0.0963
1 0.416 0.1605 0.0736 0.0593
0 0.4583 0.5099 0.0639 0.2642
0 0.6035 0.8012 0.1569 0.2494
0 0.9187 0.1778 0.1597 0.1284
2 0.7931 0.4901 0.0639 0.1062
