0 0.8646 0.1753 0.1403 0.1481
3 0.7 0.5099 0.1056 0.1704
3 0.7375 0.221 0.1 0.1802
3 0.7181 0.0556 0.0944 0.1062
3 0.625 0.2506 0.0833 0.1704
3 0.5229 0.1889 0.1042 0.1852
1 0.2743 0.9593 0.1181 0.0815
1 0.0743 0.9148 0.1458 0.1704
1 0.3181 0.7704 0.1278 0.1926
1 0.4757 0.7025 0.0931 0.1605
1 0.8153 0.7704 0.0861 0.1531
1 0.725 0.8346 0.0778 0.1432
1 0.7465 0.6358 0.0764 0.1309
1 0.5694 0.5519 0.0917 0.1951
1 0.4778 0.4642 0.0833 0.158
1 0.3799 0.5593 0.1042 0.1753
1 0.2319 0.5815 0.1056 0.1753
1 0.791 0.3741 0.1014 0.116
1 0.5167 0.037 0.0556 0.0691
1 0.2542 0.1407 0.0944 0.1086
1 0.0326 0.2543 0.0625 0.158
