1 0.2861 0.558 0.05 0.0642
1 0.3708 0.342 0.0333 0.0617
1 0.3069 0.2284 0.0278 0.042
1 0.366 0.1309 0.0292 0.0395
1 0.5694 0.0901 0.025 0.042
1 0.6639 0.0679 0.0306 0.0321
1 0.6937 0.3852 0.0375 0.0543
1 0.9521 0.4951 0.0569 0.0617
1 0.7514 0.5395 0.0444 0.0568
3 0.5215 0.4395 0.0403 0.0691
3 0.8972 0.3531 0.05 0.079
3 0.9326 0.4457 0.0597 0.037
3 0.8889 0.5272 0.0611 0.0617
3 0.8292 0.958 0.1111 0.084
3 0.9563 0.9309 0.0875 0.1284
3 0.4701 0.8198 0.0292 0.0346
0 0.5681 0.8802 0.0611 0.0667
0 0.6569 0.9049 0.0528 0.1062
3 0.9319 0.7691 0.0972 0.0716
