3 0.4889 0.3975 0.0389 0.0642
3 0.0972 0.5346 0.0917 0.121
3 0.1472 0.8963 0.125 0.2074
3 0.3778 0.9111 0.1139 0.163
0 0.45 0.5198 0.0417 0.1704
0 0.5854 0.742 0.0903 0.1309
0 0.7708 0.3086 0.1056 0.084
1 0.5514 0.6037 0.0722 0.1111
1 0.5458 0.5049 0.0472 0.0667
1 0.5868 0.437 0.0486 0.084
1 0.6438 0.284 0.0569 0.0938
1 0.6472 0.4543 0.0611 0.0938
1 0.6618 0.5728 0.0764 0.1086
1 0.6375 0.7037 0.0722 0.1333
1 0.6486 0.9358 0.0833 0.1284
1 0.4903 0.4716 0.0556 0.0988
1 0.4257 0.7247 0.0625 0.1111
1 0.3306 0.7704 0.075 0.1383
1 0.1611 0.6827 0.0917 0.1457
1 0.3847 0.4667 0.0639 0.1086
1 0.3757 0.2951 0.0486 0.0519
1 0.3618 0.3543 0.0569 0.0765
1 0.1562 0.4148 0.0681 0.1284
