1 0.0847 0.3222 0.0667 0.1111
1 0.1264 0.2506 0.0444 0.0815
1 0.2208 0.2753 0.0528 0.1062
1 0.3861 0.8852 0.0778 0.1111
1 0.6306 0.8988 0.0667 0.1432
1 0.6424 0.6605 0.0431 0.116
1 0.6403 0.5333 0.0444 0.1037
1 0.5868 0.1531 0.0514 0.1037
1 0.6681 0.1667 0.0333 0.0667
1 0.7139 0.3025 0.0389 0.0815
1 0.9535 0.3123 0.0403 0.0765
0 0.3056 0.942 0.1194 0.116
0 0.9583 0.6691 0.0778 0.1284
0 0.5632 0.7259 0.0486 0.1086
0 0.8715 0.5284 0.0847 0.1284
3 0.8389 0.8062 0.0528 0.0815
3 0.9764 0.863 0.0472 0.1012
3 0.2368 0.8457 0.0431 0.0667
0 0.1625 0.8605 0.0639 0.0815
