1 0.0285 0.2198 0.0542 0.1185
1 0.5146 0.9309 0.0903 0.1383
1 0.7188 0.9395 0.0764 0.1062
1 0.5472 0.6519 0.0444 0.1185
1 0.5424 0.4988 0.0403 0.1136
1 0.4806 0.0654 0.0639 0.116
1 0.5806 0.0827 0.0306 0.0914
1 0.6319 0.2309 0.0333 0.1012
1 0.8729 0.2333 0.0403 0.0716
0 0.7896 0.4728 0.0958 0.1457
0 0.8722 0.6296 0.0611 0.1185
0 0.4569 0.7099 0.0583 0.1358
3 0.5528 0.0704 0.0361 0.0815
3 0.8944 0.8407 0.0528 0.1062
3 0.7535 0.8062 0.0542 0.0963
3 0.0708 0.9049 0.0694 0.1012
1 0.2132 0.9593 0.1208 0.0815
